50 5838 7133 4076 255 5458 4848 3240 8743 0 0 0 0 0 0 
50 255 5458 4848 3348 5409 5838 262 5941 5409 8743 0 0 0 0 
50 5838 350 7133 428 255 5458 165 6246 4848 0 0 0 0 0 
50 4457 5941 5409 1342 262 6150 428 52 2084 5519 4848 0 0 0 
50 5838 7130 3240 8743 4592 1342 262 6150 428 255 5458 165 4848 0 
50 52 5868 7287 2529 52 7724 3884 0 0 0 0 0 0 0 
50 52 5868 7287 2529 52 7724 7441 3884 0 0 0 0 0 0 
50 52 5868 5438 7421 7304 3517 2529 52 7724 7365 0 0 0 0 
50 52 7280 4195 7287 2529 52 2529 3884 7365 0 0 0 0 0 
50 52 7280 4195 7161 8059 5438 52 8770 7724 7365 0 0 0 0 
50 8202 828 262 9002 2477 7679 5246 52 5868 3916 52 3312 0 0 
50 52 2477 4195 4694 428 52 883 3312 0 0 0 0 0 0 
50 52 2477 8907 52 5868 9006 4195 3916 52 3312 0 0 0 0 
50 52 2477 4694 428 52 4796 3916 52 3312 9087 284 2477 4492 0 
50 52 1969 5409 2481 8199 350 4076 52 3592 3022 0 0 0 0 
50 52 8800 5891 5409 8574 4946 262 52 4425 0 0 0 0 0 
50 52 828 262 9002 4069 5409 8574 3691 262 52 698 0 0 0 
50 8574 5838 7677 4076 8202 4990 5409 255 2752 7827 9087 52 698 0 
50 52 698 7249 2529 771 8202 8574 4946 0 0 0 0 0 0 
50 262 5428 5919 5409 8574 4946 7677 4076 8202 6670 9087 52 698 0 
50 52 5919 5409 7484 2996 401 8219 7675 5438 52 7911 0 0 0 
50 52 5868 7677 5438 52 1646 7911 5438 52 7654 0 0 0 0 
50 8202 5868 9087 8202 7126 4195 7677 5438 8202 7911 0 0 0 0 
50 52 5868 8933 6833 7679 5438 52 883 7911 0 0 0 0 0 
50 52 5868 4195 7677 5438 8354 5409 52 7911 0 0 0 0 0 
50 52 660 9087 52 8323 7236 262 662 5609 9186 262 9002 0 0 
50 52 660 4163 9087 52 1646 8323 262 52 662 0 0 0 0 
50 8202 8868 5409 8202 7377 660 350 5609 9186 0 0 0 0 0 
50 2512 8789 5409 52 660 9087 7236 8323 262 7681 7157 0 0 0 
50 52 660 8199 3776 9186 5607 262 52 662 52 7236 262 52 0 
50 4457 5126 7252 5438 52 3592 351 4076 52 4607 0 0 0 0 
50 5429 5126 2439 5438 3585 218 9087 7028 5428 1346 0 0 0 0 
50 52 5126 8199 4195 5679 4076 52 3022 0 0 0 0 0 0 
50 7028 5127 262 1346 7252 5438 52 3592 4710 0 0 0 0 0 
50 52 5346 5409 5122 262 1346 5679 4076 8202 3022 0 0 0 0 
50 52 4796 3916 52 9026 6562 262 4473 0 0 0 0 0 0 
50 52 4796 4076 52 883 8863 6713 6030 9087 52 9026 5108 0 0 
50 52 4796 3916 52 9002 9026 6562 4474 0 0 0 0 0 0 
50 52 4796 4474 8305 5510 8992 6030 8784 3385 0 0 0 0 0 
50 4796 4473 51 9087 9026 1883 4076 3898 4535 3723 0 0 0 0 
50 52 3457 2684 3229 3324 8202 8354 5409 8202 8456 0 0 0 0 
50 52 3457 7677 8668 5247 52 8456 0 0 0 0 0 0 0 
50 52 3457 5111 9087 4206 508 4076 8202 3252 0 0 0 0 0 
50 8574 3459 7677 4076 52 8456 3044 351 0 0 0 0 0 0 
50 52 3457 7677 5297 8305 52 3252 3044 9087 8460 0 0 0 0 
50 52 4796 4076 6506 4214 7252 9087 7877 273 5438 7827 0 0 0 
50 52 5868 7252 5438 8202 3650 9087 7877 273 0 0 0 0 0 
50 8202 4796 5438 8202 7190 4195 7252 5297 8305 7877 273 0 0 0 
50 52 8770 787 4796 7252 5438 8202 2140 9087 7877 273 0 0 0 
50 52 4796 7252 5438 8202 7190 9087 7877 273 0 0 0 0 0 
50 52 3653 5409 5838 5438 52 6398 4076 52 6665 0 0 0 0 
50 52 3653 5409 5838 5438 52 9186 262 828 6398 5297 8305 8460 0 
50 5838 5438 910 6642 218 52 6665 9087 3181 5438 8202 584 0 0 
50 7255 4946 5438 52 51 907 4076 8909 0 0 0 0 0 0 
50 7480 5838 5438 52 6398 350 3443 8392 2529 8202 6665 0 0 0 
50 1314 996 5940 8668 4076 52 2945 4642 6713 351 0 0 0 0 
50 4642 6713 8199 3776 996 5587 3240 5164 0 0 0 0 0 0 
50 52 7377 4642 6713 3348 5409 996 262 8404 0 0 0 0 0 
50 52 6713 9087 7028 996 1862 262 4701 5379 0 0 0 0 0 
50 996 262 5509 1678 7249 366 52 4642 6713 0 0 0 0 0 
50 52 4796 4076 52 1293 2570 4076 1659 3324 52 5717 2810 0 0 
50 52 5919 5409 52 4796 9087 52 3779 262 8262 5438 0 0 0 
50 52 4796 9087 255 5430 3779 4195 4694 428 8202 1250 0 0 0 
50 52 4796 8933 52 3779 262 8262 0 0 0 0 0 0 0 
50 52 6790 4694 4796 4195 7688 5537 8391 7485 0 0 0 0 0 
50 52 3177 8735 4195 7252 5438 52 6119 7675 0 0 0 0 0 
50 9002 8735 9087 2371 1744 3181 7252 4128 5409 4200 0 0 0 0 
50 52 9002 8735 9087 4824 3181 5438 52 7654 0 0 0 0 0 
50 52 9002 8735 3044 9087 2371 1744 3181 0 0 0 0 0 0 
50 52 8735 9087 6506 262 9002 3181 5533 5438 52 7935 2230 0 0 
50 52 3690 9087 52 787 1693 262 9097 4694 428 3890 0 0 0 
50 52 4796 262 52 9097 350 7677 5533 0 0 0 0 0 0 
50 52 4796 262 52 9097 2570 4076 2667 8286 5525 0 0 0 0 
50 52 1969 7675 764 52 7130 4076 8800 1659 0 0 0 0 0 
50 4796 262 9099 2570 8668 262 7677 5533 5409 52 1120 0 0 0 
50 52 9205 3605 5438 4742 3610 3585 4076 52 3022 0 0 0 0 
50 9205 6463 4206 3798 2529 8305 3650 8988 3585 4195 0 0 0 0 
50 8202 9205 4195 2684 3585 4076 8202 7921 0 0 0 0 0 0 
50 52 4682 9205 3605 4076 7480 3610 3585 0 0 0 0 0 0 
50 52 9205 3605 5438 3585 4076 52 3610 5458 3022 0 0 0 0 
50 52 4638 998 3916 52 7467 634 651 8402 9087 52 3839 5438 0 
50 828 262 9002 5892 5409 52 998 9087 52 651 0 0 0 0 
50 52 8770 9196 998 8933 52 634 3839 0 0 0 0 0 0 
50 52 9196 998 8933 52 3839 3917 52 9015 9108 634 651 0 0 
50 52 9196 1524 8933 52 3839 4195 3916 52 6011 634 651 0 0 
50 9097 4076 8002 7910 3916 5669 5438 7935 2230 0 0 0 0 0 
50 52 9097 6131 3240 8202 1250 3916 52 5957 5458 8592 262 8933 0 
50 52 9097 4076 52 3170 8007 3917 52 5957 8592 0 0 0 0 
50 52 9097 9087 255 8592 5246 8202 6930 0 0 0 0 0 0 
50 52 3460 4076 52 658 7910 9087 52 5957 8592 0 0 0 0 
50 52 3653 5409 5838 7675 8612 1039 5409 4355 0 0 0 0 0 
50 52 3653 5409 9196 4946 3198 4355 5438 52 679 9087 8202 8399 0 
50 52 2083 8907 4355 738 3184 4076 52 2295 0 0 0 0 0 
50 52 679 6034 9087 5804 262 5450 7677 366 0 0 0 0 0 
50 52 3653 5409 5838 3198 7480 4355 4076 8202 7307 0 0 0 0 
50 52 1969 5409 787 8508 8199 350 5297 8305 7480 8909 0 0 0 
50 8574 1853 8508 5679 5246 5443 284 0 0 0 0 0 0 0 
50 1853 2808 7249 5679 428 8202 2688 5409 52 914 5409 8909 0 0 
50 3828 1853 4753 7245 2752 5438 52 4710 0 0 0 0 0 0 
50 52 9186 262 828 8505 262 52 787 3254 4579 0 0 0 0 
50 52 6506 3072 4030 7249 5411 8202 7181 5409 8202 6670 764 52 0 
50 52 6506 3072 4030 7252 5297 8305 52 3610 1174 0 0 0 0 
50 52 6506 3072 4030 4076 8202 2104 7767 5246 8574 1177 0 0 0 
50 52 6506 3072 4030 5246 7480 1177 5438 8202 7827 0 0 0 0 
50 52 6506 3072 4030 7249 5297 8305 7480 4638 1177 262 8202 7190 0 
50 52 3457 7677 4076 7480 8067 3585 1204 52 8456 0 0 0 0 
50 52 3457 8199 4195 7677 4076 52 3022 0 0 0 0 0 0 
50 52 3457 7677 764 1177 4076 52 5727 0 0 0 0 0 0 
50 52 3457 4076 52 3022 9087 1177 366 0 0 0 0 0 0 
50 52 4682 3457 7675 4076 52 3022 4694 8390 8202 1250 0 0 0 
50 52 3653 5409 3276 7827 7207 7649 5438 8354 5409 2659 5509 0 0 
50 3276 7199 7832 7019 5438 52 883 514 0 0 0 0 0 0 
50 8214 350 32 8412 51 5409 8202 8637 4339 0 0 0 0 0 
50 52 6670 7199 3468 2407 8305 3276 7832 0 0 0 0 0 0 
50 8202 5428 7827 7207 350 5438 2438 0 0 0 0 0 0 0 
50 52 1076 8141 698 7252 5438 8354 5409 52 883 990 0 0 0 
50 7483 5985 8199 8141 698 428 8202 1172 7776 0 0 0 0 0 
50 52 8141 698 4195 7252 428 52 883 1172 7776 0 0 0 0 
50 8141 698 7252 8608 52 7827 1172 7199 0 0 0 0 0 0 
50 8214 4195 5313 4069 3855 8305 6301 52 1302 3240 0 0 0 0 
50 52 1969 5409 4946 6642 3963 5438 8354 5409 52 3610 3022 0 0 
50 8574 3963 262 8206 6639 5438 7480 3585 0 0 0 0 0 0 
50 8574 4946 350 5438 3963 8199 350 51 510 0 0 0 0 0 
50 52 5613 5409 3963 5858 8475 4076 52 3022 0 0 0 0 0 
50 8574 1949 3960 6639 4780 8206 3963 7675 5438 8206 3892 4542 0 0 
50 52 4796 4195 6470 52 5295 5438 8202 7181 5409 8202 6670 0 0 
50 4796 7677 764 52 5680 4970 262 8456 4076 52 1589 7827 0 0 
50 52 4796 4694 428 52 5295 8991 7677 5297 8305 52 8456 0 0 
50 52 4796 4076 52 6960 8628 6470 52 5295 0 0 0 0 0 
50 52 4796 6470 3898 5295 8992 7677 5438 8202 7181 5409 8202 6670 0 
50 52 1372 7799 8202 357 5409 52 1954 9087 284 5443 4745 5438 0 
50 8574 1384 4492 5438 8354 5409 52 7877 1437 0 0 0 0 0 
50 52 4457 5477 262 9002 1372 7332 5438 8202 357 5409 52 1954 0 
50 8574 1384 5443 7252 5438 8202 357 5409 52 1954 8202 5509 5438 0 
50 8574 1384 350 4716 366 5438 8202 510 5409 8202 3364 0 0 0 
50 1652 5409 807 5409 3229 8199 4082 1060 262 1018 0 0 0 0 
50 52 4902 4195 6194 4076 1048 1744 6011 8452 0 0 0 0 0 
50 8214 350 1862 3044 9087 2371 4337 5409 3230 0 0 0 0 0 
50 1745 2426 3916 4911 8743 3338 262 1018 0 0 0 0 0 0 
50 52 1143 5409 8452 8199 3788 2371 3229 0 0 0 0 0 0 
50 52 3653 5409 4331 428 8034 366 52 1228 0 0 0 0 0 
50 52 3653 5409 4331 366 52 8034 9087 52 1228 0 0 0 0 
50 52 3653 5409 4331 8908 52 9097 4583 52 1270 0 0 0 0 
50 52 3653 5409 9196 1525 7677 366 52 1228 0 0 0 0 0 
50 4638 4331 7252 366 52 8034 8199 3776 52 817 1228 5438 4200 0 
50 52 828 811 4195 5848 5438 52 6690 7953 0 0 0 0 0 
50 52 7377 811 7252 5438 52 4457 6686 5438 52 5689 5409 52 0 
50 52 828 811 4195 5848 5438 8202 2761 5409 52 6686 0 0 0 
50 828 811 7252 5438 2688 5409 6686 3262 0 0 0 0 0 0 
50 8215 52 828 811 7252 428 8202 2688 5409 52 1623 0 0 0 
50 52 4457 3602 2721 8858 8247 52 4742 3610 3022 0 0 0 0 
50 255 2721 262 52 508 2721 4076 52 3592 3022 0 0 0 0 
50 52 4457 3602 2721 6675 8247 52 3592 1617 0 0 0 0 0 
50 52 4457 2721 9087 8574 828 815 5438 8354 5409 4200 7677 4076 0 
50 255 2721 8859 4076 8202 8067 3585 262 1177 0 0 0 0 0 
50 8219 350 1016 3240 6642 4076 8202 4288 5438 8237 2722 0 0 0 
50 7480 5838 4076 8202 9111 6642 8574 2722 0 0 0 0 0 0 
50 7480 5838 9006 350 6642 5438 8354 5409 2722 0 0 0 0 0 
50 8214 350 5838 6642 2722 4076 8202 4990 5409 52 3252 0 0 0 
50 7028 2722 4076 8202 4288 1344 5838 5438 8206 520 0 0 0 0 
50 52 4796 7677 4076 3326 5409 52 8157 5246 52 4457 9045 0 0 
50 52 4796 7677 1204 52 8559 4076 8202 1937 5409 8202 6713 0 0 
50 52 4796 7677 8770 1645 8305 52 8157 4076 52 4642 6713 0 0 
50 52 4796 4195 7677 4076 3326 5409 8157 4076 52 4642 6713 0 0 
50 52 5868 6030 52 3384 9087 8202 9026 6562 1881 0 0 0 0 
50 52 6013 8357 9087 255 5458 2921 6838 262 3298 3309 0 0 0 
50 52 6013 5409 3309 9087 7480 5509 3229 5438 52 6013 0 0 0 
50 52 6013 3917 255 5458 6838 262 3298 3309 0 0 0 0 0 
50 52 1645 8789 5409 52 6013 5409 3229 8990 4084 3309 0 0 0 
50 255 4069 5409 52 6013 5409 3229 5438 52 8034 0 0 0 0 
50 7480 8579 5409 2716 8323 9087 1881 1200 5438 255 357 6597 0 0 
50 52 9002 5458 8323 151 52 8862 5409 2214 9106 0 0 0 0 
50 4206 5443 5409 8202 8326 8199 9195 1265 2706 8885 8668 5476 1914 0 
50 52 7377 660 9087 52 8323 9087 52 1881 899 0 0 0 0 
50 52 8323 8199 3776 7480 2717 3944 8668 8305 4200 0 0 0 0 
50 52 8419 1775 8305 52 7776 5438 8202 8407 5515 7181 0 0 0 
50 8202 8770 4684 8419 4195 8448 2529 8202 8407 0 0 0 0 0 
50 52 5711 8419 3486 366 52 2156 5438 8202 5521 8406 0 0 0 
50 52 8419 1775 2529 8202 8407 4076 8202 1589 0 0 0 0 0 
50 52 8419 2770 1344 4824 1354 2529 52 8406 0 0 0 0 0 
50 52 1969 5409 3457 7445 2659 5509 4076 52 3252 0 0 0 0 
50 52 1969 5409 3457 7677 5297 8305 7480 8460 0 0 0 0 0 
50 8574 9206 6966 8305 678 2739 4076 8202 9028 0 0 0 0 0 
50 8574 3459 3749 5515 5246 8460 262 5362 8668 8305 2659 5509 0 0 
50 8202 8574 3459 309 8305 678 3999 2659 5509 0 0 0 0 0 
50 52 7377 713 4492 5438 8354 5409 52 8034 0 0 0 0 0 
50 52 811 7867 5438 8973 312 8305 678 52 5924 5409 4753 0 0 
50 7377 811 9087 3187 2980 7252 4076 5277 0 0 0 0 0 0 
50 52 7377 811 9087 4206 3798 6318 510 0 0 0 0 0 0 
50 52 5289 508 811 7252 6372 1204 4207 0 0 0 0 0 0 
50 52 5919 5409 52 2477 4492 5438 8202 3650 0 0 0 0 0 
50 2477 7419 1204 52 790 5438 8202 2688 5409 52 1701 7827 0 0 
50 8202 9002 2477 4494 5297 8305 8202 780 5438 8202 7190 0 0 0 
50 52 9002 2477 4195 7332 5438 52 7827 262 52 780 0 0 0 
50 52 6333 6606 5438 8202 7827 5297 8305 52 780 0 0 0 0 
50 52 8172 6025 4195 8858 8992 3916 3898 6387 0 0 0 0 0 
50 6025 262 6515 428 8172 4877 5438 6506 1973 0 0 0 0 0 
50 52 4796 7252 5438 52 3868 1437 5438 52 8172 1973 0 0 0 
50 52 8172 6025 8859 4076 3326 5409 8202 51 7675 0 0 0 0 
50 52 4796 5438 52 1973 9087 52 8172 6387 0 0 0 0 0 
50 5114 891 5892 5409 52 5128 5438 8202 3292 0 0 0 0 0 
50 52 5868 6642 8206 5126 5438 52 6670 0 0 0 0 0 0 
50 52 4796 5438 52 5126 4195 2595 2529 8202 7827 0 0 0 0 
50 52 5126 4076 3517 366 52 2156 4076 8202 6670 0 0 0 0 
50 52 5868 3517 2964 2529 8202 6670 5438 52 5126 0 0 0 0 
50 7480 8770 2170 3459 4076 52 787 3022 0 0 0 0 0 0 
50 52 1969 5409 3459 4694 2144 5438 52 3022 0 0 0 0 0 
50 52 1969 5409 3457 7677 5438 8354 5409 52 3022 0 0 0 0 
50 8574 273 350 7677 8319 4076 52 3022 0 0 0 0 0 0 
50 8574 3459 4694 428 1250 9087 5145 736 0 0 0 0 0 0 
50 52 1810 5077 7252 5438 8354 5409 52 2332 0 0 0 0 0 
50 52 5919 5409 52 6913 4076 8202 4642 6713 0 0 0 0 0 
50 52 1810 4195 4633 8668 5438 8202 1484 1958 0 0 0 0 0 
50 52 2332 9087 52 5077 262 52 5868 3916 52 4455 0 0 0 
50 5689 5409 52 1810 6913 4076 3326 5409 52 4455 0 0 0 0 
50 793 4608 8668 428 52 790 7776 9087 255 129 5246 1204 8199 0 
50 52 3020 793 350 368 1204 52 790 4664 0 0 0 0 0 
50 8574 793 350 1434 8305 790 6390 5438 52 1589 7827 0 0 0 
50 8574 781 4665 4173 790 5680 7679 5438 52 7190 0 0 0 0 
50 52 5613 5409 781 350 5679 4076 52 2328 351 0 0 0 0 
50 52 3653 5409 9196 4416 6030 52 3384 5409 7455 0 0 0 0 
50 3276 3462 350 6030 7455 4076 8202 3022 0 0 0 0 0 0 
50 52 3020 9099 5438 52 3022 6030 7455 0 0 0 0 0 0 
50 3462 4326 8202 563 262 6772 6030 1796 7455 0 0 0 0 0 
50 52 3653 5409 3462 6030 7455 151 2659 5509 0 0 0 0 0 
50 52 4796 6642 52 5120 790 81 52 3252 0 0 0 0 0 
50 52 4796 7252 5438 52 5126 4076 8202 9111 0 0 0 0 0 
50 52 9196 5868 4195 5438 52 8770 5502 5428 780 0 0 0 0 
50 52 5868 4696 2529 428 7485 8992 7252 5438 52 790 0 0 0 
50 52 4796 5438 52 255 5428 2963 780 4076 8202 9111 0 0 0 
50 52 4796 8907 52 1143 5409 1386 3603 4076 8202 3022 0 0 0 
50 7083 262 3510 3605 4076 8202 5727 9087 52 5868 4694 5541 8207 0 
50 3510 3605 5438 52 3592 3886 738 8906 5541 1204 52 3852 0 0 
50 52 3850 5409 273 2684 3585 4076 52 3022 0 0 0 0 0 
50 52 3850 5409 4646 4076 52 3022 9087 52 7102 4076 8202 51 0 
50 255 5539 9087 52 7794 5438 8354 5409 4200 4076 52 4347 0 0 
50 52 7794 9087 52 4584 3936 4076 8202 4347 0 0 0 0 0 
50 52 7377 4583 4195 5438 60 8202 6085 7794 8354 0 0 0 0 
50 7401 8354 7794 9087 2869 2947 8199 3776 4583 8546 5438 0 0 0 
50 52 7794 8354 4195 1611 9087 52 7019 5409 4382 5438 8202 8862 0 
50 52 706 9196 4418 8065 5438 52 5889 8992 7391 0 0 0 0 
50 52 9097 9087 52 4448 262 5222 8045 8992 5438 52 1409 5889 0 
50 52 9097 7677 4076 52 1937 1204 52 2153 8059 52 1409 5889 0 
50 52 9097 7391 8992 8065 5438 3847 1409 5889 0 0 0 0 0 
50 52 9097 4195 7252 4076 52 1937 8065 5438 8202 8154 0 0 0 
50 52 9002 6013 9087 52 1078 262 9002 3332 0 0 0 0 0 
50 52 5924 5409 1545 1228 5438 8354 5409 52 9002 6013 0 0 0 
50 52 1545 1228 262 52 3254 6472 8305 678 2680 0 0 0 0 
50 52 1545 2324 5438 52 6013 9087 52 3254 0 0 0 0 0 
50 52 5924 5409 1545 2337 5438 52 6013 9087 52 5226 262 52 0 
50 7028 2481 736 52 2014 9087 3793 5438 8202 3650 0 0 0 0 
50 3276 51 5807 5515 3324 736 52 51 3403 0 0 0 0 0 
50 202 8237 4017 2481 6472 3240 8202 1359 0 0 0 0 0 0 
50 8202 51 350 5831 4076 1190 8574 3788 6345 8206 3809 8247 8202 0 
50 8574 1076 262 9002 2481 7677 5297 8305 2659 5509 52 3004 0 0 
50 52 1969 5409 5838 350 1910 4076 52 6713 0 0 0 0 0 
50 8574 5838 4076 1503 5525 1910 4128 52 4347 0 0 0 0 0 
50 8574 1503 9126 5438 6996 5703 5409 52 4902 428 52 6599 0 0 
50 52 1969 5409 1503 7677 4076 3326 5409 7480 3229 0 0 0 0 
50 52 1969 5409 1911 7677 4076 52 4347 4785 3229 0 0 0 0 
50 52 9097 7677 5438 52 8172 1973 3916 52 6391 0 0 0 0 
50 52 9097 5911 8668 52 563 9087 52 8172 6391 0 0 0 0 
50 8243 5838 9087 6392 7675 5438 52 8172 1973 0 0 0 0 0 
50 52 5868 9087 52 8172 6387 5915 8668 52 8172 563 0 0 0 
50 52 9097 8479 8305 6894 52 8172 563 9087 3847 6387 0 0 0 
50 52 4457 5981 1981 4076 1495 262 8360 0 0 0 0 0 0 
50 52 4457 5981 3776 722 8357 9087 4824 4915 262 8743 0 0 0 
50 1652 5409 52 7343 5409 5981 9087 1519 262 8743 0 0 0 0 
50 52 5981 8199 4195 4758 5409 4824 8733 4115 0 0 0 0 0 
50 52 5981 9087 52 4710 5409 1519 262 8748 5438 4200 0 0 0 
50 52 7261 5677 5297 8305 52 914 5409 8909 262 3610 5677 0 0 
50 7307 8789 5409 52 8860 218 8202 7135 5409 52 6665 0 0 0 
50 52 9015 8860 211 3240 8859 218 8202 6665 0 0 0 0 0 
50 52 8912 8860 262 3392 351 5297 8305 52 6665 0 0 0 0 
50 7480 3585 262 52 5868 4076 52 883 7117 8858 52 2477 262 0 
50 9097 2177 5981 9087 3254 262 4375 7252 5297 8305 9196 3460 0 0 
50 52 9097 262 1524 7252 428 52 8034 9087 52 5981 4076 3326 0 
50 52 4418 262 52 1524 350 51 4418 4195 2177 5981 5926 0 0 
50 52 9097 2177 52 5981 9087 52 3254 262 4375 0 0 0 0 
50 52 9097 2177 52 5981 9087 52 3254 262 4375 0 0 0 0 
50 52 8735 3044 9087 7929 5297 8305 52 8735 3044 9087 51 815 0 
50 3177 369 4076 8735 5297 8305 2263 5647 4076 52 3474 0 0 0 
50 255 5499 5409 3181 5438 52 9108 8034 0 0 0 0 0 0 
50 52 8735 5409 3181 262 52 4459 8735 3044 9087 5496 0 0 0 
50 52 8034 8357 9087 52 8735 3348 5409 3181 0 0 0 0 0 
50 52 4796 262 9097 2169 4173 52 787 1228 0 0 0 0 0 
50 52 4796 262 9097 7677 4076 3326 5409 52 1228 0 0 0 0 
50 52 9099 9006 4195 2177 4173 52 1228 0 0 0 0 0 0 
50 8574 5838 7677 5246 52 8034 9087 52 1228 0 0 0 0 0 
50 52 9097 2177 4173 52 1228 9087 52 4796 7677 736 3847 0 0 
50 52 3653 5409 5934 8858 5438 7767 3650 5246 52 5677 750 0 0 
50 255 4069 5409 52 3653 5409 815 5246 8202 750 0 0 0 0 
50 52 3653 5409 5934 8858 366 5297 8305 52 3653 5409 751 0 0 
50 52 5346 5409 5934 5246 7480 751 4076 8202 514 0 0 0 0 
50 52 3160 5409 815 350 8858 5438 52 7767 5759 5246 751 0 0 
50 5452 5443 7343 4535 5409 52 3338 5923 0 0 0 0 0 0 
50 5106 5409 8202 2324 4076 8202 5626 3776 722 2681 0 0 0 0 
50 5443 7343 5409 5923 6556 4076 8202 4968 5923 8288 7252 5438 52 0 
50 52 4375 7249 4076 52 5923 8288 262 5452 5443 5924 5409 5923 0 
50 52 3705 2681 5924 5409 5923 4195 202 8199 4195 4535 0 0 0 
50 52 3179 6000 9087 5957 3181 7252 5438 52 1437 0 0 0 0 
50 52 3177 6148 8199 4195 7252 5438 8354 5409 52 1437 0 0 0 
50 52 1437 9087 3181 5438 4200 5297 8305 52 9045 0 0 0 0 
50 52 3177 5985 4076 8202 51 5409 52 1437 1204 52 9045 0 0 
50 52 3177 6148 5438 52 1437 262 52 8735 9087 52 7233 3177 0 
50 52 9097 4284 4076 8202 165 7446 7077 1265 3902 52 8172 563 0 
50 52 9099 9006 4195 6030 8172 4284 4076 8202 165 0 0 0 0 
50 52 9097 3916 52 8172 6391 5438 8354 5409 52 8172 1973 0 0 
50 52 4418 6030 8172 262 5510 8908 8202 3384 0 0 0 0 0 
50 8214 4195 52 9097 8199 4195 6030 8172 5438 8202 1973 0 0 0 
50 52 5924 5409 1228 262 1716 350 5438 255 5519 8034 0 0 0 
50 7343 5409 1228 5297 8305 4457 3044 2132 5438 9108 8034 0 0 0 
50 52 2337 262 52 2132 5409 1716 7245 5297 8305 52 931 262 0 
50 52 7343 5409 1228 262 5175 7252 5438 52 9108 8034 5533 0 0 
50 52 1645 8668 5409 52 7343 5409 1228 5438 52 6013 0 0 0 
50 52 998 4492 5438 52 7955 4076 8202 5399 0 0 0 0 0 
50 52 3760 9196 4796 6642 52 930 899 5438 52 8922 0 0 0 
50 7391 9196 4796 5438 52 930 899 4076 8202 7952 0 0 0 0 
50 4796 7962 5438 8202 5399 5438 52 8845 899 0 0 0 0 0 
50 52 998 5438 52 7952 899 4076 8202 5399 0 0 0 0 0 
50 52 7955 8199 4195 5438 4206 7181 4076 8202 6831 0 0 0 0 
50 52 51 7952 899 5438 8202 679 5246 8202 7952 0 0 0 0 
50 52 5868 4195 7677 5438 8202 679 5246 52 4578 899 0 0 0 
50 52 4578 7952 899 4492 5438 4206 7181 5246 52 7136 0 0 0 
50 3653 5409 5838 8858 4076 3326 5409 52 9002 7955 1204 8202 679 0 
50 52 9196 3460 4076 52 1047 2568 6640 52 3960 0 0 0 0 
50 52 3460 4076 52 5957 2568 7252 5438 8354 5409 52 3960 0 0 
50 52 4638 3460 6642 5438 52 1076 3960 0 0 0 0 0 0 
50 52 4638 3460 3917 5454 3847 6791 401 7077 7249 5438 52 3960 0 
50 52 9196 3460 8933 52 3839 6642 52 3960 0 0 0 0 0 
50 52 5868 8858 52 2477 2529 52 1589 7827 0 0 0 0 0 
50 5838 262 52 2477 8858 5438 52 1589 7827 0 0 0 0 0 
50 52 5868 8858 5438 52 1589 7827 9087 52 2477 0 0 0 0 
50 52 9097 8859 52 2529 5438 52 7190 401 5838 8851 1204 0 0 
50 52 9097 4076 52 2568 3776 52 9002 2477 5438 52 4521 5438 0 
50 52 4674 713 9087 52 2571 8612 4200 0 0 0 0 0 0 
50 52 713 262 2332 4076 52 7377 6713 0 0 0 0 0 0 
50 9108 713 5438 8354 5409 52 9002 2571 0 0 0 0 0 0 
50 52 713 7249 5438 8354 5409 52 2571 262 52 2332 0 0 0 
50 1150 713 9087 52 5230 7093 7252 8612 4200 0 0 0 0 0 
50 8574 3459 4076 52 6713 9087 5838 4694 428 8207 0 0 0 0 
50 8574 3457 7677 5297 8305 2659 5509 4076 52 6713 0 0 0 0 
50 8202 3457 4195 738 4311 1204 4207 4104 0 0 0 0 0 0 
50 52 4796 262 9097 7688 428 8574 3459 8247 52 9045 0 0 0 
50 52 3457 4076 52 2757 351 4195 8906 1204 7480 5838 0 0 0 
50 8202 4347 3776 5406 4694 1748 4076 4200 0 0 0 0 0 0 
50 5919 5409 52 4347 8233 3776 7378 5900 5409 4203 9091 8199 4347 0 
50 8243 2382 6570 5409 52 4347 351 9087 8733 320 0 0 0 0 
50 52 7003 5409 5898 5409 52 8293 5056 4347 0 0 0 0 0 
50 1726 5409 5921 3324 52 1610 6783 4347 0 0 0 0 0 0 
50 52 4710 5409 8736 3044 9087 4712 5409 3181 0 0 0 0 0 
50 7028 8736 3044 9087 2371 4337 5409 3181 0 0 0 0 0 0 
50 52 4710 5409 1745 3181 4076 8736 0 0 0 0 0 0 0 
50 3170 370 2439 4076 3170 7130 4076 3474 8736 0 0 0 0 0 
50 7028 8736 9087 3177 370 7252 5438 52 8034 0 0 0 0 0 
50 52 3348 8789 5409 52 7157 9087 3474 0 0 0 0 0 0 
50 52 8851 4076 7157 9087 52 3723 3836 7157 3798 0 0 0 0 
50 52 660 7157 7670 9087 52 7157 3798 0 0 0 0 0 0 
50 52 3474 8863 7157 4076 52 3925 660 0 0 0 0 0 0 
50 52 6962 8247 3474 7157 4076 52 660 0 0 0 0 0 0 
50 7028 9206 350 4076 255 5458 3592 3022 0 0 0 0 0 0 
50 52 3653 5409 9206 5438 8202 3592 5993 0 0 0 0 0 0 
50 52 3850 5409 9206 8858 8247 52 5992 0 0 0 0 0 0 
50 52 3653 5409 9206 350 8858 81 52 3022 0 0 0 0 0 
50 52 51 5409 9206 350 8858 81 52 3022 0 0 0 0 0 
50 52 4796 262 52 2477 4284 8668 4076 8202 165 1378 52 3312 0 
50 52 7677 736 52 2477 3198 8247 8202 165 9087 52 3312 4076 0 
50 52 5868 9087 52 2477 4284 8305 1374 52 3312 0 0 0 0 
50 52 4796 8250 52 3312 9087 52 2477 1378 4200 0 0 0 0 
50 52 4796 4076 828 7117 262 828 2477 4284 3240 52 3312 0 0 
50 815 5847 5438 52 1143 5409 8564 4076 8202 9069 0 0 0 0 
50 52 5346 5409 7377 815 7252 428 8202 8354 5409 52 605 8456 0 
50 4824 815 5848 5438 8202 4599 5409 52 8456 0 0 0 0 0 
50 2704 815 5847 5438 52 1010 5438 255 5543 2230 0 0 0 0 
50 7028 815 350 7252 5438 7377 8456 1011 0 0 0 0 0 0 
50 8243 3459 7869 736 8202 51 5409 52 9216 3004 0 0 0 0 
50 8243 3459 7677 4076 8202 2410 4076 52 3005 4076 351 0 0 0 
50 52 1969 5409 3459 2680 7480 3229 5515 5409 52 8469 0 0 0 
50 8574 3459 2684 8319 5515 5409 52 8504 4076 52 3005 351 0 0 
50 52 5346 5409 3459 5246 5443 284 0 0 0 0 0 0 0 
50 828 262 9002 5919 5409 3690 262 3460 4076 255 2738 5438 52 0 
50 52 51 1969 51 5438 52 5677 750 8412 262 5804 736 8207 0 
50 52 4796 4344 52 9097 8992 8219 7245 5438 52 750 5438 52 0 
50 52 4796 3999 52 9097 401 8219 7245 5438 52 750 5438 8202 0 
50 52 7252 5438 52 750 262 4344 9097 5438 8202 1477 401 5838 0 
50 5838 3407 5533 4076 52 787 3022 5438 52 1665 2230 0 0 0 
50 5838 350 3198 4355 5438 52 3868 6888 3022 0 0 0 0 0 
50 5838 3198 4355 4076 52 3022 5438 52 1665 2230 0 0 0 0 
50 52 3968 5409 4355 738 3184 5438 52 3022 1204 5838 0 0 0 
50 52 1143 5409 5838 350 428 52 3585 3022 0 0 0 0 0 
50 52 7776 7199 2409 5804 401 52 8419 8449 1204 0 0 0 0 
50 52 7776 7199 7249 4076 8202 4990 5409 8202 3252 0 0 0 0 
50 52 7776 7199 7252 5246 7480 8067 8460 0 0 0 0 0 0 
50 52 4796 4514 5515 5409 52 8751 5246 52 7139 7776 7199 4076 0 
50 52 7776 7199 4195 7161 1645 8305 8202 3650 0 0 0 0 0 
50 8243 51 7677 4076 52 3592 3022 8858 0 0 0 0 0 0 
50 8243 9206 350 7677 4076 255 5458 3022 0 0 0 0 0 0 
50 8243 9205 350 8858 8247 8202 3585 5409 52 3022 0 0 0 0 
50 8243 9206 7677 5438 52 3592 2410 3022 0 0 0 0 0 0 
50 8243 9206 3605 4076 3610 3585 3022 351 0 0 0 0 0 0 
50 52 5868 5859 52 7881 5438 52 2410 790 5438 8354 5409 52 0 
50 52 5868 6642 52 6380 790 2483 52 8474 0 0 0 0 0 
50 52 4796 5438 52 2410 790 4195 3198 8247 8202 165 0 0 0 
50 52 4796 3198 8247 8202 165 8992 6642 52 2410 790 0 0 0 
50 4796 4076 6506 262 9002 4284 3898 5126 4076 8202 2410 0 0 0 
50 52 4457 2258 1172 3776 52 1969 5409 3222 7677 1204 4200 0 0 
50 52 1172 5679 764 52 1120 4076 52 5680 4710 0 0 0 0 
50 52 1172 4651 262 8646 5712 4076 52 5680 4710 0 0 0 0 
50 52 4457 1172 7252 5297 8305 52 8770 8067 1120 0 0 0 0 
50 8243 5838 4694 428 52 1172 5679 4076 52 5680 7513 0 0 0 
50 787 749 262 8202 3984 5409 5683 4076 4681 2773 0 0 0 0 
50 52 1641 8395 5438 8354 5409 52 4457 1120 0 0 0 0 0 
50 52 1076 1641 8395 5297 8305 1189 7827 262 4430 0 0 0 0 
50 52 4457 345 7861 9087 52 1641 4195 7161 4076 8202 514 0 0 
50 52 5892 5409 8202 787 749 1641 8395 5438 52 7935 2230 0 0 
50 52 7377 4347 9087 4723 52 1399 0 0 0 0 0 0 0 
50 52 7377 51 351 9087 52 7932 262 262 268 1399 0 0 0 
50 255 4069 5409 52 4347 4674 7884 7022 0 0 0 0 0 0 
50 52 7377 4347 9087 52 4710 5409 3044 8668 7100 0 0 0 0 
50 52 4347 9087 52 7318 1399 262 7309 0 0 0 0 0 0 
50 52 3001 4076 5000 8628 2177 52 51 5257 8262 0 0 0 0 
50 52 9097 4076 52 7474 8628 6209 8305 2169 8202 8262 5409 52 0 
50 52 3358 5919 5409 52 9097 3916 52 4457 5613 5409 6892 448 0 
50 52 9097 7473 3916 8668 52 5613 5409 3445 6892 8305 7484 8262 0 
50 52 4796 4076 52 7910 262 52 9097 4076 5000 1657 0 0 0 
50 52 4796 8703 3898 4455 428 3898 2332 0 0 0 0 0 0 
50 52 4796 7252 428 52 2332 5438 52 4455 1810 0 0 0 0 
50 52 4796 7252 428 52 2332 8703 3898 4455 0 0 0 0 0 
50 255 4069 5409 52 4796 9126 5438 3898 4455 0 0 0 0 0 
50 52 4796 4195 4694 51 428 8202 1250 8992 7252 428 3898 4455 0 
50 52 3348 3327 8789 5409 52 3457 262 255 5506 736 0 0 0 
50 52 3457 9087 255 5506 4076 8202 514 5438 52 3022 5409 3585 0 
50 52 3457 757 428 8202 7147 9087 4206 5257 7836 5515 0 0 0 
50 52 3457 5438 7480 3585 4076 4206 5823 428 8202 9216 0 0 0 
50 8214 4195 52 3457 4076 52 9216 218 9087 52 5506 223 0 0 
50 52 984 8199 3776 8733 8580 5409 3229 4076 4200 0 0 0 0 
50 52 9002 984 3044 9087 1060 262 1341 7346 0 0 0 0 0 
50 52 7015 5409 1060 262 1342 4076 52 9002 2425 0 0 0 0 
50 1060 262 1342 7161 4076 9002 7015 2425 0 0 0 0 0 0 
50 7480 5409 8202 1060 4076 8233 984 350 7694 8305 9186 0 0 0 
50 828 262 9002 5892 5409 52 5868 5438 780 8547 5454 52 6670 0 
50 52 828 262 9002 5919 5409 52 4796 5438 52 790 428 5305 0 
50 8202 780 6637 6640 81 8202 2214 7827 8992 52 1309 329 0 0 
50 52 5868 6642 52 790 2529 8202 7827 0 0 0 0 0 0 
50 52 5868 6640 52 790 4076 8202 6670 428 5305 0 0 0 0 
50 52 4633 8309 1190 2752 8309 5539 6947 5297 8305 52 4986 0 0 
50 52 8309 5539 8199 4195 3826 8668 5438 52 8034 0 0 0 0 
50 52 8309 5539 4076 8697 764 52 4986 0 0 0 0 0 0 
50 52 4986 5297 8305 52 8309 5539 5438 52 8034 0 0 0 0 
50 52 8309 5539 7252 5297 8305 52 4986 5539 5438 52 1958 0 0 
50 52 4457 1641 3754 5411 8202 7181 5409 52 6071 1120 0 0 0 
50 52 1048 1744 1641 5438 8202 7574 5409 52 1120 0 0 0 0 
50 255 5519 1641 7249 736 52 3653 5409 5957 3181 0 0 0 0 
50 8202 2122 1641 4195 5279 245 8202 5957 3181 0 0 0 0 0 
50 8214 4195 52 1641 5438 8202 8354 5409 8233 3978 0 0 0 0 
50 52 1969 5409 9099 4368 2529 5297 8305 52 1372 9087 52 875 0 
50 8574 3462 8703 52 3698 2608 5438 255 272 0 0 0 0 0 
50 52 9097 875 2609 52 1372 5438 8202 3164 0 0 0 0 0 
50 8574 9099 9121 8319 8305 8697 52 875 2608 5438 52 2477 0 0 
50 8574 9099 876 52 9002 3365 272 148 3898 654 0 0 0 0 
50 52 9097 4694 7800 159 8992 7077 8934 52 3779 5438 3847 3798 0 
50 52 4418 8199 3776 52 3618 3779 5438 3847 3798 0 0 0 0 
50 52 9097 4076 52 828 7117 4195 6131 9087 52 3779 5438 3847 0 
50 52 9099 6131 4076 52 2962 3779 262 7117 0 0 0 0 0 
50 52 9196 122 3001 4076 3779 262 828 8711 5257 4195 4694 4173 0 
50 8214 4195 52 4796 8933 3476 262 52 3779 6642 52 7423 0 0 
50 52 4796 734 52 7423 8487 8992 8574 5838 8905 3890 3324 736 0 
50 52 4796 4076 52 883 4214 262 4229 4195 5438 3898 7423 428 0 
50 52 4796 7020 5411 3324 8202 8354 5409 52 7365 5438 3898 7421 0 
50 52 4796 4195 6642 52 7423 2529 52 7441 3884 0 0 0 0 
50 52 3653 5409 634 6026 4195 2084 428 8202 5140 0 0 0 0 
50 52 634 6025 428 8202 351 8988 5443 3515 8305 651 0 0 0 
50 52 4796 8199 4195 7677 4076 8202 2410 5246 52 6013 0 0 0 
50 52 634 6025 5438 8202 3925 6013 2640 52 3384 0 0 0 0 
50 52 634 6025 3240 8202 1517 2121 7679 428 3925 6013 0 0 0 
50 52 7377 5981 8199 4195 5438 52 9002 6013 0 0 0 0 0 
50 7377 5981 7252 5438 52 9002 6013 9087 2371 8360 5438 4200 0 0 
50 8202 5981 4195 4649 9087 4712 5409 8360 0 0 0 0 0 0 
50 52 7377 5870 7257 5981 4195 7161 5438 2438 0 0 0 0 0 
50 255 2876 5981 7249 5438 52 6013 9087 1495 262 825 5409 4911 0 
50 8233 8034 4195 3044 9087 52 8732 5409 2371 2426 0 0 0 0 
50 52 8732 5409 3229 4076 2426 4195 2439 5438 52 8034 0 0 0 
50 8034 5409 3229 4085 1342 5792 6810 1934 3601 5931 1018 0 0 0 
50 52 8034 4488 5515 9087 3229 7904 401 6810 7720 5792 262 1342 0 
50 52 8034 3348 5409 3229 7904 401 5792 262 1342 1018 6810 262 0 
50 52 4796 4195 8381 7480 3971 5438 52 1899 748 0 0 0 0 
50 52 4796 1910 52 4457 5346 5409 3969 2481 5438 52 3622 0 0 
50 52 4796 1911 3969 2481 5438 52 8770 4457 3622 0 0 0 0 
50 52 4796 1910 2537 5409 3969 2481 5438 52 4457 5519 3622 0 0 
50 52 4796 6350 7028 3969 2477 51 5438 52 3622 0 0 0 0 
50 7255 7427 350 6280 4076 8202 7421 5438 52 6405 0 0 0 0 
50 3100 7268 5438 52 6386 4076 52 7421 1981 5143 0 0 0 0 
50 8214 350 7268 4513 5438 52 4968 592 0 0 0 0 0 0 
50 52 6741 5409 7421 904 7748 5515 5409 8202 7421 0 0 0 0 
50 7427 7748 4076 8202 7421 1204 52 6386 0 0 0 0 0 0 
50 52 9002 1372 4195 4492 5438 52 9106 2332 0 0 0 0 0 
50 52 9002 4360 4492 5297 8305 52 4317 0 0 0 0 0 0 
50 52 1372 8199 4195 4492 5246 52 1810 0 0 0 0 0 0 
50 52 9002 1372 4492 5438 52 2332 5297 8305 52 4317 0 0 0 
50 52 1372 4195 7252 5297 8305 52 1810 4317 0 0 0 0 0 
50 52 8402 2395 7677 5438 52 7236 5297 8305 52 6772 2971 0 0 
50 52 2971 6772 5297 8305 52 51 3916 52 8349 0 0 0 0 
50 52 8402 4644 9087 52 8349 4076 4206 5154 7677 5297 8305 52 0 
50 52 2937 8402 51 3776 52 3610 8348 1088 4076 4206 5154 0 0 
50 52 7236 9087 6772 8909 52 5026 262 52 51 8349 3914 0 0 
50 52 3653 5409 5838 7252 262 7677 366 52 8034 9087 773 0 0 
50 7255 7026 5873 350 2779 52 2585 5704 0 0 0 0 0 0 
50 52 3653 5409 3308 1475 366 52 7627 8034 9087 2587 0 0 0 
50 52 3653 5409 4946 262 9099 350 7252 428 52 8034 3348 5409 0 
50 4824 5838 350 3754 5515 428 8206 8034 9087 7480 2587 0 0 0 
50 8214 4195 52 6732 1228 262 5443 122 262 51 4329 5246 4200 0 
50 52 4796 7347 8668 52 1228 5438 8354 5409 52 9108 8034 0 0 
50 52 4796 2177 52 1228 9087 3898 1524 0 0 0 0 0 0 
50 52 2968 2177 52 817 1228 4076 3326 5409 3898 7488 0 0 0 
50 4796 7677 5541 52 7377 998 2177 52 1228 0 0 0 0 0 
50 52 2438 4076 52 7783 3044 9087 4712 5409 2371 317 0 0 0 
50 52 6974 5409 317 8199 4082 3519 2280 6506 262 51 317 0 0 
50 8732 5409 317 2439 4076 647 5438 6390 0 0 0 0 0 0 
50 7100 9087 317 3789 2371 1748 4076 8202 7783 0 0 0 0 0 
50 52 3338 7675 2310 7255 8731 5409 317 0 0 0 0 0 0 
50 52 3072 4030 4195 5985 4076 52 9107 351 0 0 0 0 0 
50 52 6506 8141 698 7677 4076 52 3252 5438 2607 3585 0 0 0 
50 5919 5409 52 3072 4030 4076 3326 5409 52 4457 3653 5409 8460 0 
50 6506 3072 4030 5297 8305 3004 262 8460 0 0 0 0 0 0 
50 52 6506 3072 4030 5985 1204 52 1067 3004 262 8460 0 0 0 
50 52 3474 960 5438 52 9002 8034 1654 0 0 0 0 0 0 
50 52 8034 9087 52 9002 8034 1654 262 52 960 5438 4200 0 0 
50 52 960 5409 2585 5297 8305 52 9057 3474 262 52 6013 9087 0 
50 52 8034 7019 9087 52 8034 1654 6013 4375 3254 9057 3474 262 0 
50 52 5868 428 52 8034 52 960 3474 262 7218 0 0 0 0 
50 52 8735 3044 9087 3181 262 8909 5438 8354 5409 52 8034 0 0 
50 1615 8735 9087 5957 6725 4076 4200 5438 52 9108 8034 0 0 0 
50 5957 3181 7252 4076 52 3177 6148 3348 5409 8909 0 0 0 0 
50 52 8735 5409 1326 5438 52 8034 5533 0 0 0 0 0 0 
50 8233 1615 8735 3776 4824 5957 3181 4076 4200 0 0 0 0 0 
50 52 1645 8668 5409 52 6013 5409 3229 0 0 0 0 0 0 
50 52 1545 573 262 1310 2337 5438 8354 5409 52 6013 0 0 0 
50 52 1545 2337 9087 7480 574 202 1979 4076 52 6850 0 0 0 
50 7480 3229 9087 6850 5438 4200 5438 52 6013 0 0 0 0 0 
50 52 9002 7953 3917 52 1076 6850 262 52 51 2337 8357 262 0 
50 52 559 4796 3916 52 883 8592 5438 52 7827 0 0 0 0 
50 52 4796 6286 3891 3324 6413 262 8908 0 0 0 0 0 0 
50 52 4796 4696 8305 3898 4535 8992 3916 52 883 8592 5438 52 0 
50 52 4796 8844 1204 8202 7827 9087 255 5458 8592 4076 3898 3723 0 
50 52 4796 7677 5438 8202 7190 9087 52 883 8592 0 0 0 0 
50 8243 3963 7675 4076 52 3022 5246 52 6095 0 0 0 0 0 
50 8243 3963 7677 4076 52 3022 1204 52 8909 3918 0 0 0 0 
50 8243 3963 7675 4076 8202 7921 4076 52 3592 4486 0 0 0 0 
50 3963 3605 5438 52 3610 3585 1981 3022 5297 8305 52 8914 3918 0 
50 3963 350 4076 52 3022 8199 3776 52 7377 8909 3918 0 0 0 
50 8233 660 3776 202 9002 8518 262 52 9002 8323 0 0 0 0 
50 52 660 9087 52 1122 4076 7157 8323 262 7236 0 0 0 0 
50 52 9002 8323 7252 5297 8305 52 654 8518 262 52 7236 0 0 
50 255 2752 660 9087 1076 8275 5438 8202 3164 0 0 0 0 0 
50 52 660 8199 3776 52 8323 262 52 7236 0 0 0 0 0 
50 52 1372 4492 5438 8354 5409 52 535 7252 5438 52 3164 0 0 
50 52 8032 1372 4492 5438 8354 5409 52 828 518 0 0 0 0 
50 8202 5477 262 3618 1372 4195 4745 2529 5438 52 828 518 0 0 
50 7850 1372 5438 8354 5409 52 828 7911 0 0 0 0 0 0 
50 52 1372 8199 4195 4492 2529 5438 52 535 0 0 0 0 0 
50 52 8034 8199 3776 722 7019 9087 8574 5981 5931 0 0 0 0 
50 8574 5641 5409 5981 5438 52 8034 9087 2139 0 0 0 0 0 
50 52 2392 8034 9087 8574 51 262 3476 0 0 0 0 0 0 
50 52 5981 5438 52 8034 9087 7028 3476 0 0 0 0 0 0 
50 8574 4457 5982 4076 8202 4990 5409 52 2392 8034 0 0 0 0 
50 4824 1048 1744 8593 3754 2534 3324 52 2495 1399 0 0 0 0 
50 1448 5409 255 438 4076 52 1120 350 2258 9087 3181 0 0 0 
50 52 1399 9087 4712 5409 1745 8593 3754 3324 4200 0 0 0 0 
50 52 2495 1399 4195 2258 9087 8593 8199 3788 1047 6506 262 9186 0 
50 3177 8593 3754 8680 2529 4128 52 6713 0 0 0 0 0 0 
50 52 666 262 1375 5438 8202 5140 6132 3240 52 5975 4076 52 0 
50 8202 84 428 3925 6013 2640 255 5492 634 3384 0 0 0 0 
50 52 634 6025 8011 3898 651 9087 8202 1375 262 8595 736 3890 0 
50 52 634 6025 3443 6472 8305 3902 52 563 428 52 3384 0 0 
50 52 666 428 52 634 3384 9006 4195 8842 8305 678 5976 8305 0 
50 52 883 262 3618 6413 5715 8608 52 1039 0 0 0 0 0 
50 52 883 8419 4195 1775 3324 8608 8202 1039 0 0 0 0 0 
50 52 883 262 7217 6409 8419 5985 5438 8202 8407 0 0 0 0 
50 8424 8443 8608 255 5560 4076 52 5056 7022 0 0 0 0 0 
50 52 4457 4684 8419 5438 52 7723 8406 0 0 0 0 0 0 
50 8202 5477 3312 4195 5297 8305 52 3035 4758 4076 8202 6831 0 0 
50 8202 5477 3312 4576 5246 9160 4076 8202 6831 0 0 0 0 0 
50 52 6831 2327 738 2439 9087 3312 5247 0 0 0 0 0 0 
50 52 3312 8199 4195 4492 2529 4076 8202 6831 0 0 0 0 0 
50 52 4960 4195 9162 4076 8202 6831 401 255 5477 3312 7249 5247 0 
50 52 4796 7677 3916 52 3384 1883 262 8574 5838 7252 0 0 0 
50 9196 122 8703 8784 3384 1883 9087 5509 4694 5438 0 0 0 0 
50 52 4796 7677 5438 52 5924 5409 2808 3240 52 8784 3384 8992 0 
50 5838 7252 366 8908 52 4796 6030 52 8784 3384 0 0 0 0 
50 8202 3653 5409 3308 4195 51 8202 8784 3385 0 0 0 0 0 
50 52 9002 660 9087 52 8323 262 52 6699 5409 8323 5647 0 0 
50 8233 8323 984 4195 5985 2408 428 8202 2688 5409 8202 660 0 0 
50 52 660 1864 52 8323 262 6699 5409 8323 5647 0 0 0 0 
50 52 9002 8323 7252 4076 8202 1937 5409 52 7377 660 0 0 0 
50 255 5458 9002 8323 5297 8305 8323 5647 4076 52 660 0 0 0 
50 8574 3457 7677 5297 8305 2659 5509 4076 52 6713 0 0 0 0 
50 8202 8574 3459 7675 8067 4076 52 7377 1225 0 0 0 0 0 
50 8574 3459 4076 52 7377 1033 351 9087 3007 0 0 0 0 0 
50 8574 3459 4128 52 5823 4076 52 1120 0 0 0 0 0 0 
50 8574 3459 4128 5409 255 391 3916 5823 0 0 0 0 0 0 
50 255 5458 6709 2521 8383 1172 2440 52 8815 93 81 5443 7181 0 
50 52 6506 2518 2252 8383 1172 2258 9087 52 883 93 2593 2529 0 
50 52 2518 2252 1172 9087 52 8770 4457 93 0 0 0 0 0 
50 52 4457 2897 883 1172 3517 8247 255 4167 0 0 0 0 0 
50 52 2518 2252 1172 9087 132 5438 8202 7181 0 0 0 0 0 
50 52 5868 4195 3916 52 5626 3348 5409 2507 9087 883 4043 0 0 
50 52 8451 4043 1981 2507 8992 52 5868 4076 52 4347 0 0 0 
50 2525 9087 3332 350 738 4758 4076 8202 4347 0 0 0 0 0 
50 52 8451 5409 2525 9087 9002 4043 5438 4200 0 0 0 0 0 
50 3480 2525 5438 1908 7090 5246 2524 4752 0 0 0 0 0 0 
50 52 1969 5409 9206 736 52 9077 3004 0 0 0 0 0 0 
50 8574 9206 8858 4076 8202 2410 4076 8206 1225 5515 7181 0 0 0 
50 8574 9206 7677 366 4076 52 9216 2758 0 0 0 0 0 0 
50 8574 9206 1265 678 6969 4076 8233 2758 428 8202 9216 0 0 0 
50 8574 9206 4076 255 2758 9087 52 2410 3164 0 0 0 0 0 
50 5126 5679 218 8202 7827 5297 8305 52 1120 0 0 0 0 0 
50 52 5126 5679 5297 8305 5509 5127 5438 1589 7827 0 0 0 0 
50 52 5126 4195 51 5438 52 1589 7190 0 0 0 0 0 0 
50 52 828 5126 4195 5438 2438 9087 5099 5438 2706 7181 0 0 0 
50 52 5679 5126 4195 5679 5438 52 1589 7827 0 0 0 0 0 
50 52 1372 4195 7252 5438 8354 5409 52 1810 1437 8990 4195 1981 0 
50 52 4684 3702 1372 5438 8202 8354 5409 255 5416 1437 1981 4076 0 
50 52 1372 4492 5438 8202 8354 5409 52 1437 8199 4195 1981 4076 0 
50 52 1372 4195 7252 437 5409 52 3698 1437 0 0 0 0 0 
50 52 8789 5409 52 1372 3443 3359 202 5541 52 1437 0 0 0 
50 52 9097 2684 52 5924 5409 5726 4076 52 4848 351 0 0 0 
50 52 9196 4418 8199 4195 2684 7485 262 8858 5717 52 3088 7675 0 
50 52 9097 2684 52 5924 5409 3229 9087 52 5226 0 0 0 0 
50 52 4796 2684 3229 4076 3326 5409 51 5984 3088 0 0 0 0 
50 8202 9097 2685 3229 4076 3326 5409 8202 4848 7675 0 0 0 0 
50 8214 4195 52 7377 1172 9087 7028 5838 7677 5297 8305 4200 0 0 
50 5838 7677 765 52 1172 8059 8305 2659 5509 0 0 0 0 0 
50 5838 2684 3324 3229 8508 5246 52 51 348 0 0 0 0 0 
50 7028 5838 8858 5438 52 7190 5246 52 4457 342 9087 3036 5438 0 
50 52 8770 787 6210 342 8929 9087 52 1143 5409 5838 5246 4200 0 
50 52 4796 5438 52 7421 899 4285 5411 5409 52 4457 7421 3884 0 
50 52 4796 5858 52 7278 4281 5541 52 51 0 0 0 0 0 
50 52 1969 5409 5838 8199 350 7677 366 52 8173 0 0 0 0 
50 52 4457 7441 7365 9087 52 7424 4785 52 4281 0 0 0 0 
50 52 3020 5838 7677 771 8574 8770 8067 51 0 0 0 0 0 
50 52 3653 5409 1525 7971 52 8034 2260 1228 0 0 0 0 0 
50 52 5346 5409 1525 428 52 8034 9087 1228 0 0 0 0 0 
50 52 3653 5409 4331 2177 4173 52 1228 401 5443 998 6032 9087 0 
50 4331 366 52 8034 4964 3332 52 7090 1228 0 0 0 0 0 
50 52 1143 5409 4331 2684 52 1228 9087 3610 3332 5438 4200 0 0 
50 52 4796 3198 8247 8202 165 60 52 5939 5409 7421 0 0 0 
50 52 4796 5438 52 7423 4284 5541 52 51 8992 5838 8905 0 0 
50 52 4796 4195 7287 5438 52 7724 7429 6429 0 0 0 0 0 
50 52 5868 3868 8668 4076 8202 165 8992 7426 0 0 0 0 0 
50 52 9002 8143 5805 4195 8668 262 5838 350 7677 366 4076 3326 0 
50 52 4796 7252 5438 8354 5409 52 6338 5126 0 0 0 0 0 
50 52 4796 7252 5438 52 883 2438 5126 0 0 0 0 0 0 
50 8214 4195 52 5126 9087 52 5868 7252 5438 4200 0 0 0 0 
50 52 4796 5438 52 5126 4076 52 51 7162 0 0 0 0 0 
50 52 4796 7249 5438 52 883 262 828 5126 0 0 0 0 0 
50 52 3507 8252 8668 3898 3744 401 5473 7455 8128 2857 9120 0 0 
50 52 5919 5409 7480 4331 6030 52 7455 3384 0 0 0 0 0 
50 8574 8128 5409 7455 6026 3407 5246 52 3506 0 0 0 0 0 
50 52 3653 5409 9196 1525 6030 52 4877 5409 1796 7455 0 0 0 
50 52 3653 5409 999 6030 7455 9087 52 5280 0 0 0 0 0 
50 52 5868 4076 52 8969 7962 5438 52 8551 8922 0 0 0 0 
50 52 4789 7960 6642 52 8922 5438 8202 5399 0 0 0 0 0 
50 52 9196 4796 9087 52 7955 428 8202 5399 8917 7962 0 0 0 
50 52 7960 4195 6642 8202 8354 5409 52 8922 0 0 0 0 0 
50 52 5868 7677 5438 52 7955 6642 52 8922 0 0 0 0 0 
50 52 3653 5409 5838 7252 366 52 8034 0 0 0 0 0 0 
50 8233 4195 52 3653 5409 5838 2684 52 4902 0 0 0 0 0 
50 52 3653 5409 5838 7252 366 52 787 6599 8034 0 0 0 0 
50 52 3653 5409 5838 7252 428 52 8034 8199 3776 3229 5438 4200 0 
50 8202 3653 5409 5838 350 7252 8319 2684 0 0 0 0 0 0 
50 52 4796 3442 6472 8305 8249 52 3312 0 0 0 0 0 0 
50 52 4796 4076 52 3937 4214 4195 6030 3312 0 0 0 0 0 
50 52 4796 4076 52 2477 5677 6189 8305 8249 52 3312 0 0 0 
50 52 4796 428 8202 5677 6472 8305 8249 52 3312 0 0 0 0 
50 52 4796 4076 52 883 3938 9087 52 883 3312 4076 3898 3723 0 
50 52 4457 6273 175 3198 8247 52 3211 7307 0 0 0 0 0 
50 52 1786 4195 132 5438 8202 963 5409 52 5995 0 0 0 0 
50 52 5995 8668 4076 8202 7307 8790 3324 747 4401 51 0 0 0 
50 8202 175 9087 8574 6274 3147 8247 8202 7307 0 0 0 0 0 
50 52 5891 5409 8202 7307 4694 428 8202 8608 7181 5409 175 0 0 
50 52 4841 3044 9087 910 3158 5438 8909 0 0 0 0 0 0 
50 52 2084 3761 9087 6933 8608 52 1665 7307 0 0 0 0 0 
50 52 9002 811 3198 8247 52 51 3761 0 0 0 0 0 0 
50 4824 7116 350 2465 4076 8202 2084 4839 0 0 0 0 0 0 
50 52 907 2464 262 3761 9087 52 5346 5409 910 8263 5411 8305 0 
50 52 960 5438 9057 5297 8305 52 3474 5409 9057 0 0 0 0 
50 52 3474 8034 9087 52 960 262 3474 5409 9057 5297 8305 52 0 
50 52 960 262 3474 5438 6506 9057 5438 52 5740 8034 0 0 0 
50 52 3474 5409 1445 5297 8305 8202 1445 960 0 0 0 0 0 
50 52 3474 5409 9057 4195 7161 9084 52 9057 960 6646 5297 8305 0 
50 52 1372 4195 5848 5438 8354 5409 52 8456 7879 0 0 0 0 
50 52 1372 7677 5438 8354 5409 52 8456 7879 0 0 0 0 0 
50 52 7848 1372 4694 193 7252 5438 52 8456 7879 0 0 0 0 
50 4457 122 1372 7252 5438 52 9108 7879 0 0 0 0 0 0 
50 52 1372 5848 5438 8354 5409 52 4675 4694 5411 4173 8202 2445 0 
50 52 51 5148 8305 8202 7181 5409 52 8862 5438 8202 5533 5409 0 
50 52 1589 861 9087 52 1120 262 52 1641 0 0 0 0 0 
50 1121 9087 52 1641 262 4431 218 52 7827 0 0 0 0 0 
50 52 1641 4195 439 8305 8202 7181 5409 52 1120 0 0 0 0 
50 52 1641 6297 3868 8668 5438 8202 7181 5409 52 1120 0 0 0 
50 52 4796 7677 4076 3326 5409 52 4986 5297 8305 6152 262 5641 0 
50 52 4796 2440 6152 262 8707 5438 52 8862 0 0 0 0 0 
50 52 4796 7679 4076 52 4347 262 5116 8391 6152 262 5641 0 0 
50 52 4796 6129 4076 3326 5409 7480 6152 262 5641 0 0 0 0 
50 52 4796 6069 8305 6152 3754 3324 52 51 5438 52 3602 8862 0 
50 52 1172 6640 2529 8202 6670 5246 8412 0 0 0 0 0 0 
50 52 4457 1172 5438 52 5458 1589 7827 0 0 0 0 0 0 
50 52 6307 1172 9087 255 129 5438 8202 7181 5409 4200 0 0 0 
50 52 4457 1172 9087 52 3580 5438 8202 7181 2595 2529 8202 6670 0 
50 52 8431 1172 5438 52 7827 9087 5509 8412 0 0 0 0 0 
50 52 7233 7199 4195 6143 4076 8202 4990 5409 7421 0 0 0 0 
50 8214 4195 52 9186 2237 2761 7196 5438 8202 7827 1937 0 0 0 
50 52 2237 2761 7248 7252 4076 8202 4990 5409 52 7421 1981 3022 0 
50 52 2237 2761 7199 4195 7677 5438 52 7441 7827 0 0 0 0 
50 52 2237 2761 7199 5438 8202 7181 5409 52 7441 6670 0 0 0 
50 52 2477 8933 52 7990 5297 8305 52 1372 0 0 0 0 0 
50 52 2477 262 52 1372 7252 8319 1244 0 0 0 0 0 0 
50 255 117 4638 2477 262 1372 3441 5881 1204 8206 5573 0 0 0 
50 52 2477 262 1372 7252 7181 1204 7181 0 0 0 0 0 0 
50 52 2477 8933 52 7990 262 52 1372 738 8379 1204 52 3723 0 
50 8202 2477 4195 6030 9087 3898 8402 4076 8202 3585 0 0 0 0 
50 52 2477 8199 4195 7677 4076 8202 3585 5246 52 3312 0 0 0 
50 52 1740 1473 52 3312 4076 8202 3585 0 0 0 0 0 0 
50 52 2170 2477 4195 4076 8202 3585 9087 52 3312 0 0 0 0 
50 52 1076 262 9002 2477 1473 52 883 262 9186 3312 0 0 0 
50 8202 5838 350 6826 9057 428 52 9057 8101 0 0 0 0 0 
50 3653 5409 5838 8101 9057 5297 8305 7480 622 0 0 0 0 0 
50 5838 350 3407 366 52 4796 8101 9057 0 0 0 0 0 0 
50 52 4796 6164 9057 3324 51 3240 5745 0 0 0 0 0 0 
50 5838 3406 366 52 8034 8992 6826 9057 0 0 0 0 0 0 
50 52 7877 698 8199 4195 4492 2529 4076 8202 3585 0 0 0 0 
50 52 8141 698 4195 4492 5438 8202 3610 3585 5297 8305 52 2477 0 
50 52 2477 7679 4076 8202 3585 5297 8305 52 7877 698 0 0 0 
50 52 7377 1076 7877 698 4492 4076 8202 3585 0 0 0 0 0 
50 52 8141 698 4494 5438 8202 4486 262 52 2477 7679 736 4200 0 
50 8214 350 4824 9097 5438 8202 3022 6030 3312 0 0 0 0 0 
50 52 2083 5409 5838 6023 4076 52 3022 401 52 9097 3917 52 0 
50 3308 6030 3312 4076 52 3610 5677 9087 4712 5409 7548 0 0 0 
50 52 3653 5409 5838 4195 6030 3312 4076 52 3022 0 0 0 0 
50 52 3690 4694 4592 3861 8515 8305 861 52 3312 8249 0 0 0 
50 52 4457 3653 5409 2722 2070 52 2410 5735 0 0 0 0 0 
50 52 508 2721 8859 8247 8202 3252 9087 3100 122 2722 0 0 0 
50 52 3850 5409 2722 5443 6772 9087 52 508 0 0 0 0 0 
50 52 3850 5409 2722 4085 52 8293 508 2721 2065 52 2410 6670 0 
50 3276 4457 2722 350 8908 5541 8206 508 4076 8202 9031 0 0 0 
50 52 3653 5409 9196 5838 6030 8784 3385 0 0 0 0 0 0 
50 52 3653 5409 5838 6030 9087 52 5312 9026 0 0 0 0 0 
50 52 3653 5409 5838 7677 262 3916 9026 6563 0 0 0 0 0 
50 3308 6030 8784 3385 8319 4076 8202 6823 6713 0 0 0 0 0 
50 52 1143 5409 9196 5838 350 6030 9087 8202 9026 0 0 0 0 
50 706 9099 8933 796 3323 5438 52 6841 679 0 0 0 0 0 
50 3656 5409 5838 7245 5438 52 679 4076 8202 6831 0 0 0 0 
50 5838 4076 796 428 52 679 8608 8593 0 0 0 0 0 0 
50 9099 350 8858 8391 6949 5438 8202 679 0 0 0 0 0 0 
50 5838 7923 262 7252 8608 8593 428 52 1589 679 0 0 0 0 
50 5254 3216 2568 7120 262 52 8262 7245 5438 8354 5409 52 1958 0 
50 52 5939 5409 4948 2568 1659 5438 52 8034 4076 52 7783 0 0 
50 52 5939 5409 3216 1660 7245 437 5409 2659 5509 0 0 0 0 
50 7120 262 52 8262 3216 8668 7252 5438 52 8034 0 0 0 0 
50 8202 2568 7120 350 3216 262 51 9087 8268 0 0 0 0 0 
50 4946 8065 5438 8206 1409 5890 4076 52 2084 6307 7513 0 0 0 
50 4796 4076 2083 8065 5438 1409 5889 5533 0 0 0 0 0 0 
50 8574 4946 8703 1409 5890 8992 4076 52 2083 5409 5838 0 0 0 
50 52 3430 5438 52 1409 5889 5438 52 2084 7827 0 0 0 0 
50 8574 4946 5438 52 1186 7827 8703 8206 5890 0 0 0 0 0 
50 52 5868 6642 7304 2529 52 7421 1981 7278 7365 0 0 0 0 
50 255 4069 5409 52 5868 5438 7288 4785 7421 8407 0 0 0 0 
50 8202 7304 350 1981 9087 8770 8221 7421 0 0 0 0 0 0 
50 52 7280 3776 7421 5438 8354 5409 8206 7282 5438 52 6168 1972 0 
50 5868 4076 7421 5646 5438 7304 4076 8202 7421 0 0 0 0 0 
50 52 1143 5409 3181 7748 5515 5409 52 3474 8735 0 0 0 0 
50 8233 4195 52 8770 6210 5919 5409 52 8735 5409 3181 0 0 0 
50 52 3177 8199 4195 4076 7480 4336 5409 4225 0 0 0 0 0 
50 52 8735 3348 5409 3181 7252 764 52 883 5924 5409 6155 0 0 
50 52 2939 369 5409 3181 3776 52 51 980 0 0 0 0 0 
50 52 8419 1344 51 8078 8447 5717 52 8909 8395 0 0 0 0 
50 2610 8419 8407 9087 52 8419 5438 5443 5409 8207 262 52 8909 0 
50 52 8419 7480 8460 262 52 8909 8395 0 0 0 0 0 0 
50 8419 5438 8407 9087 8909 8395 3240 51 4287 4076 8202 6477 0 0 
50 52 8419 5438 52 8419 8406 3517 8247 52 1143 5409 8460 0 0 
50 52 2464 9087 52 907 5438 8909 771 3656 5409 8460 0 0 0 
50 8574 910 5679 5438 8202 7135 5409 52 4423 0 0 0 0 0 
50 907 7252 1204 8202 2464 428 8202 6665 0 0 0 0 0 0 
50 52 6665 8789 9087 910 5438 8202 2464 0 0 0 0 0 0 
50 910 350 3158 4076 52 4423 7970 1204 8460 0 0 0 0 0 
50 52 4796 3916 52 3474 5409 9057 5438 4206 7181 0 0 0 0 
50 52 4796 8280 52 3474 5409 51 8202 7181 0 0 0 0 0 
50 52 5868 3916 52 5692 3044 9057 3474 0 0 0 0 0 0 
50 52 4789 4076 52 9002 7117 4195 3916 52 3474 5409 9057 0 0 
50 52 4796 8297 52 1615 9057 3474 8305 5385 4206 4784 0 0 0 
50 7776 7199 428 8202 4167 5409 8574 7832 5438 52 2939 2230 0 0 
50 52 7776 7199 8199 3776 7480 7827 7207 5438 8354 5409 4200 0 0 
50 52 7776 7199 8199 3776 7480 7207 5438 8354 0 0 0 0 0 
50 8574 7827 7207 8199 350 5438 8354 5409 52 7776 7199 0 0 0 
50 8412 262 2406 7207 350 2439 5438 52 1589 7827 0 0 0 0 
50 8243 4946 4076 5000 7916 350 7252 5438 52 750 0 0 0 0 
50 8243 5873 9087 5000 460 6947 5438 52 750 0 0 0 0 0 
50 8243 9196 4946 4076 2258 8630 7245 5438 52 750 8319 0 0 0 
50 52 3020 3691 7245 5297 8305 2659 5509 5438 52 750 0 0 0 
50 8243 9196 4946 7252 5438 52 750 8933 2568 51 0 0 0 0 
50 52 3653 5409 5838 7677 366 52 4347 0 0 0 0 0 0 
50 52 9097 4473 9087 52 3653 5409 5838 7677 4076 52 51 0 0 
50 42 5838 3406 262 7459 4076 52 4347 0 0 0 0 0 0 
50 8218 5838 350 4473 8992 2779 52 772 0 0 0 0 0 0 
50 3653 5409 9196 5838 4473 4076 8202 4347 0 0 0 0 0 0 
50 52 1969 5409 3457 7677 5297 8305 2659 5509 4076 52 3252 0 0 
50 8574 3459 4076 8202 9028 5438 52 7935 2230 0 0 0 0 0 
50 8574 3459 7677 245 4723 8460 4076 255 5519 7022 0 0 0 0 
50 8574 3459 7677 5297 8305 2659 5509 5246 8460 0 0 0 0 0 
50 8574 8067 3459 7677 5297 8305 2659 5509 0 0 0 0 0 0 
50 52 4796 7679 5438 7441 3650 9087 7287 3421 0 0 0 0 0 
50 52 4796 3916 7278 6080 9087 3898 7304 7810 8305 3898 510 0 0 
50 52 4796 8858 4076 8202 7421 9087 3898 7304 5438 3898 510 0 0 
50 52 4796 4076 6506 4214 9087 7278 3421 0 0 0 0 0 0 
50 52 4796 3916 7278 6080 9087 7304 5438 3898 510 0 0 0 0 
50 52 5718 2425 9087 7189 5409 3610 697 262 5478 0 0 0 0 
50 8243 2426 1863 5718 3610 697 262 5478 0 0 0 0 0 0 
50 7377 987 5409 3229 5438 52 8034 0 0 0 0 0 0 0 
50 52 984 5409 5718 262 7480 3338 262 8748 0 0 0 0 0 
50 52 1969 5409 2371 3230 4492 5515 5438 52 9106 8034 0 0 0 
50 8574 5838 7677 4076 52 4347 4694 366 0 0 0 0 0 0 
50 52 1969 5409 4946 350 7677 4076 52 4347 0 0 0 0 0 
50 8574 5838 4694 428 52 4457 4347 0 0 0 0 0 0 0 
50 255 2712 4796 262 9097 4694 366 4076 52 4347 0 0 0 0 
50 8574 5838 7677 1645 8305 2659 5509 8992 7677 4076 52 4347 0 0 
50 52 5868 428 52 8034 2684 5981 0 0 0 0 0 0 0 
50 52 865 9097 7252 428 52 8034 2684 3229 8933 52 8516 8199 0 
50 52 8770 6210 4418 2684 52 787 5981 0 0 0 0 0 0 
50 52 9097 4195 8933 52 2506 7117 8992 2684 2507 0 0 0 0 
50 52 9097 2684 8992 5510 350 7677 366 0 0 0 0 0 0 
50 15 2481 350 4522 350 6546 5438 52 787 750 4522 8319 0 0 
50 8574 2481 7252 5438 52 750 4076 52 1589 5677 0 0 0 0 
50 8574 9002 2481 9087 4523 7252 5438 52 750 0 0 0 0 0 
50 8574 2481 7245 5848 5438 52 5677 750 0 0 0 0 0 0 
50 8574 9002 2481 5438 52 4521 7252 5438 8354 5409 52 9108 5677 0 
50 8202 4796 4195 8515 8305 3902 8202 634 2640 8202 3384 0 0 0 
50 52 6025 4195 8668 8305 651 4076 52 634 3384 0 0 0 0 
50 5838 6030 634 8992 8202 5977 4195 6472 8305 5975 0 0 0 0 
50 52 3906 1375 262 8595 5246 3925 6013 2640 52 634 3384 0 0 
50 52 3653 5409 4946 5438 52 3022 6030 634 0 0 0 0 0 
50 52 4457 5711 4238 4436 5438 52 6774 428 255 177 0 0 0 
50 52 883 175 5438 8202 6768 5438 52 1615 2230 0 0 0 0 
50 52 4457 1776 175 7252 5438 8202 6774 0 0 0 0 0 0 
50 255 175 7249 5438 255 177 6774 4076 52 1589 0 0 0 0 
50 52 7508 174 175 8112 5438 52 6774 0 0 0 0 0 0 
50 8202 5711 8419 3776 7779 428 52 7702 0 0 0 0 0 0 
50 255 5428 8419 2593 5438 8202 8407 8608 52 1039 0 0 0 0 
50 52 4682 8419 7249 5438 8202 8419 8406 8608 8202 1039 0 0 0 
50 52 9002 262 5477 8419 5715 1204 8460 262 52 4430 0 0 0 
50 52 8415 4195 7252 8608 52 1039 262 7480 6169 4612 0 0 0 
50 52 1524 7677 1204 52 3303 3916 52 960 0 0 0 0 0 
50 52 7377 1524 4195 7677 4076 3326 5409 52 6528 0 0 0 0 
50 52 9196 1524 9087 52 2132 7677 5297 8305 52 6528 0 0 0 
50 52 8313 7677 4076 52 4347 4513 5438 8202 6528 0 0 0 0 
50 52 9196 1524 7677 4076 52 4347 5438 5443 4538 4076 3326 5409 0 
50 52 7181 8034 9087 52 4429 262 936 5280 8305 52 3925 4566 0 
50 8233 4195 5443 1937 5409 52 4721 8199 1864 52 937 9087 52 0 
50 52 8034 9087 52 4429 5438 8354 5409 4200 5297 8305 52 1954 0 
50 8214 350 6040 5409 936 8305 6467 1204 8202 1954 0 0 0 0 
50 52 931 1359 9087 7028 936 5297 8305 52 4429 262 1954 0 0 
50 52 3653 5409 4946 6030 52 3384 5409 634 5438 8354 5409 52 0 
50 9015 268 5919 5409 52 634 3022 9087 4824 6026 0 0 0 0 
50 52 3653 5409 5838 8199 350 7677 5438 52 634 3022 0 0 0 
50 52 3653 5409 4946 5438 52 3022 6030 634 0 0 0 0 0 
50 52 6251 634 3384 4076 6257 9087 52 6770 5438 14 632 0 0 
50 52 9051 7480 8909 52 3884 6831 262 7480 4304 0 0 0 0 
50 52 9051 1775 4173 52 679 8988 4304 493 0 0 0 0 0 
50 8214 4195 52 4796 9041 7962 4076 52 4423 0 0 0 0 0 
50 52 4796 4195 3916 52 7377 6801 5246 8202 1284 0 0 0 0 
50 52 4796 6642 52 6801 899 5438 52 4457 4423 0 0 0 0 
50 52 3457 7677 7751 4076 8202 3585 0 0 0 0 0 0 0 
50 52 3457 7679 4076 8202 4990 5409 52 2237 3585 351 0 0 0 
50 52 3457 4195 7677 4076 52 3022 9087 52 8789 5409 5145 0 0 
50 3457 9087 52 8770 4684 5257 7677 217 0 0 0 0 0 0 
50 52 3457 7679 1204 4207 4076 255 5458 4901 0 0 0 0 0 
50 8202 7424 3776 4282 3868 4173 8202 165 3324 52 7421 6429 0 0 
50 52 5868 4195 3754 4076 8202 165 5246 52 1120 0 0 0 0 
50 52 5868 3198 8247 8202 165 5438 8354 5409 52 7423 0 0 0 
50 255 5533 5891 5409 7207 262 4429 6080 245 8202 8460 0 0 0 
50 52 7424 3907 52 8474 5411 52 3445 6429 0 0 0 0 0 
50 52 1189 1589 7827 9087 4824 2371 8752 0 0 0 0 0 0 
50 52 1589 7827 3044 9087 4712 5409 8412 262 4591 0 0 0 0 
50 8770 4824 8751 5164 5438 8202 6670 9087 8412 4591 0 0 0 0 
50 1346 350 2070 5736 4076 255 4167 5249 74 0 0 0 0 0 
50 1309 8447 2529 52 1589 7827 5297 8305 52 3402 7702 0 0 0 
50 9097 7677 5297 8305 52 4796 5438 52 7421 1981 7365 0 0 0 
50 8574 9099 5515 4076 8202 7421 9087 8206 7288 0 0 0 0 0 
50 8574 9099 5438 7288 7677 262 7391 3240 8202 1250 0 0 0 0 
50 8574 5838 9087 7287 3421 5438 52 7421 1981 5143 0 0 0 0 
50 8574 3002 2570 4076 7278 460 7677 7181 1204 7181 4076 8202 7421 0 
50 8574 999 7675 4076 8202 5522 2640 52 634 3384 0 0 0 0 
50 9196 8629 634 6026 4076 8202 5515 3022 0 0 0 0 0 0 
50 8574 4638 4507 6026 8065 8305 2659 5509 4076 8202 5522 0 0 0 
50 52 9196 4796 9087 52 5040 7677 5438 52 3022 0 0 0 0 
50 8214 350 8574 999 6030 632 563 5438 8202 3610 0 0 0 0 
50 52 7377 6506 262 9002 5995 3198 764 52 5143 0 0 0 0 
50 6506 262 9002 175 3198 4076 3326 5409 52 5143 0 0 0 0 
50 8202 6506 262 9002 5995 4195 3198 5246 8202 5143 0 0 0 0 
50 52 7377 6506 262 9002 5995 8447 5541 52 7421 1981 5143 0 0 
50 52 7377 6506 262 9002 7233 6273 5995 3147 5246 7421 1981 5145 0 
50 52 5891 5409 52 4347 9087 3206 5438 8202 5539 0 0 0 0 
50 7377 4347 9087 320 1214 2426 262 5509 5029 4204 0 0 0 0 
50 52 4347 9087 9108 1214 262 52 4986 5539 0 0 0 0 0 
50 4347 9087 52 5013 3303 7236 262 8309 5539 0 0 0 0 0 
50 52 4347 9087 5184 2139 5409 2371 1748 7904 401 883 9002 262 0 
50 52 4638 3460 3916 8968 1060 4076 3847 3723 0 0 0 0 0 
50 8202 9196 1524 4195 3759 3916 52 3299 8742 0 0 0 0 0 
50 52 4638 3460 3917 52 3723 3348 5409 8968 1060 0 0 0 0 
50 52 4638 3460 3917 52 5924 5409 1060 8391 8202 1250 0 0 0 
50 52 7377 4329 3917 5438 8305 7480 8743 0 0 0 0 0 0 
50 8931 350 4694 8668 428 52 7827 7201 4583 0 0 0 0 0 
50 52 6506 4583 262 52 7827 7199 5438 52 6079 0 0 0 0 
50 52 4457 9186 8412 4583 7252 747 52 8067 1120 0 0 0 0 
50 52 7827 7199 60 52 6506 8412 4583 0 0 0 0 0 0 
50 52 9002 262 3610 7827 7199 262 52 8412 4583 0 0 0 0 
50 52 6338 811 5848 5438 52 8456 1010 0 0 0 0 0 0 
50 52 1047 6338 811 5849 5438 52 4506 1010 0 0 0 0 0 
50 52 706 811 5438 52 1010 8908 8202 51 5438 5409 8202 3252 0 
50 52 6338 811 4195 5848 5438 52 8456 1010 0 0 0 0 0 
50 52 6338 811 5848 8668 4076 52 8456 0 0 0 0 0 0 
50 52 5939 5409 1342 262 3338 7252 4076 52 990 0 0 0 0 
50 8202 990 5920 1864 3299 3339 262 8743 0 0 0 0 0 0 
50 4824 3339 262 8743 350 8319 4076 52 1861 0 0 0 0 0 
50 52 990 3044 9087 2371 8580 5409 3339 262 8743 0 0 0 0 
50 8214 350 4824 8743 8199 350 4076 52 990 0 0 0 0 0 
50 52 4457 9002 4347 9087 9002 4879 320 0 0 0 0 0 0 
50 52 4347 4195 7161 9087 202 320 262 1959 0 0 0 0 0 
50 52 1610 4347 9087 6040 5409 4588 262 7513 0 0 0 0 0 
50 52 4347 9087 52 1904 6280 5438 8202 1958 0 0 0 0 0 
50 8202 1904 4195 7252 5438 8202 2949 4347 1958 0 0 0 0 0 
50 52 9097 7677 5297 8305 52 2477 8933 52 518 5438 52 679 0 
50 52 9097 262 52 2477 5438 52 3878 5438 52 7935 2230 0 0 
50 52 5868 262 8206 7011 2477 7677 5438 52 5143 0 0 0 0 
50 8214 4195 52 2477 7677 5297 8305 4206 4874 0 0 0 0 0 
50 52 828 262 9002 2477 7679 764 52 5868 0 0 0 0 0 
50 52 1120 9087 52 1641 5438 8202 3326 262 7181 5409 4200 5246 0 
50 52 8789 5409 8574 2371 8395 7862 428 8202 51 5409 5305 0 0 
50 8202 8395 5409 8202 1120 3776 52 1641 2439 5438 8202 3326 5409 0 
50 8574 8067 1121 738 4633 4076 8202 5305 0 0 0 0 0 0 
50 5919 5409 52 8067 8395 736 52 828 7209 0 0 0 0 0 
50 4439 5409 52 7441 5143 9087 52 7281 8414 4076 8202 7421 0 0 
50 52 4796 6642 7304 2529 52 7421 1981 7365 0 0 0 0 0 
50 52 3868 5143 5409 7421 9087 52 2065 1964 7280 0 0 0 0 
50 52 2445 7143 7163 6703 7441 3885 5692 7042 9087 7278 6226 6463 0 
50 52 5143 7365 5891 9087 52 5868 5438 7304 4076 8202 3247 0 0 
50 52 634 6025 1378 52 563 4076 3898 3494 0 0 0 0 0 
50 52 634 6025 4285 3868 60 284 6025 2640 52 3384 0 0 0 
50 5346 5443 7351 6797 4173 6953 8608 8202 3868 8249 0 0 0 0 
50 52 634 6025 51 401 284 6025 329 8202 632 0 0 0 0 
50 8574 8629 634 6026 4076 6134 428 52 632 0 0 0 0 0 
50 52 8172 6025 7838 8305 3902 52 563 0 0 0 0 0 0 
50 52 8172 6025 3517 148 52 4723 7007 8172 563 0 0 0 0 
50 52 8172 6023 8012 3898 6387 428 8202 563 5438 52 8172 1973 0 
50 52 4796 6463 2534 8305 7841 52 8172 563 0 0 0 0 0 
50 52 4796 6030 52 3384 5409 8172 5438 8202 8172 1973 0 0 0 
50 52 7380 5889 9087 255 4069 5409 52 5868 5438 4206 6913 0 0 
50 52 7648 5409 24 1811 262 52 1409 5889 0 0 0 0 0 
50 52 7648 1863 8243 4455 1811 262 52 7381 0 0 0 0 0 
50 8243 4456 7649 5438 8354 5409 2659 5509 3324 4460 8305 7379 9087 0 
50 52 2332 9087 8243 2717 7649 5438 2659 5509 0 0 0 0 0 
50 52 7827 7199 4076 3326 5409 52 4684 1589 7827 0 0 0 0 
50 52 1143 5409 1346 7245 5679 5438 52 7827 0 0 0 0 0 
50 52 7827 7199 428 255 4167 5438 52 1243 7827 0 0 0 0 
50 52 7827 7199 3240 51 7827 9087 1346 5679 218 8202 7181 5409 0 
50 52 6670 9087 5679 1346 5438 959 7189 5409 8202 7827 262 3984 0 
50 52 4638 3460 428 8202 9216 9087 52 3457 4076 8202 514 0 0 
50 52 4638 3460 6129 3240 5919 1204 52 3457 0 0 0 0 0 
50 52 4638 3460 8933 52 5957 8775 5297 8305 52 3252 0 0 0 
50 8202 4638 3460 4195 6131 4076 3326 5409 8202 3457 0 0 0 0 
50 52 508 3460 7677 4076 3326 5409 52 3457 0 0 0 0 0 
50 52 6338 1172 262 52 4796 2570 401 52 5352 5438 52 8067 0 
50 7243 5438 3847 790 8515 8305 6380 8202 1172 0 0 0 0 0 
50 52 5868 6642 52 8770 3868 790 5438 8202 6670 0 0 0 0 
50 52 5352 6642 52 8770 51 790 5297 8305 52 6338 1172 0 0 
50 52 9097 4076 52 5352 1948 4195 6642 52 790 5297 8305 52 0 
50 5838 6030 9087 4355 5533 4076 8202 2324 0 0 0 0 0 0 
50 52 3653 5409 5838 428 52 5677 3198 52 4351 0 0 0 0 
50 52 3653 5409 5838 3198 52 4351 5438 52 6841 679 0 0 0 
50 5838 5438 8202 679 3198 4355 4076 8202 9041 0 0 0 0 0 
50 52 1969 5838 5515 3198 52 4351 5438 7480 6831 0 0 0 0 
50 52 9002 2477 3916 52 6338 3312 4076 4206 5154 0 0 0 0 
50 52 9002 2477 4195 3916 52 3312 4076 4206 5154 8842 8305 6023 0 
50 9002 2477 1344 52 6338 3312 5438 52 4486 0 0 0 0 0 
50 52 9002 2477 3776 52 6338 3312 4076 4206 5154 0 0 0 0 
50 52 2477 4195 3916 52 3312 7677 5438 3585 0 0 0 0 0 
50 52 4796 8065 5438 3898 5889 4076 8202 6307 0 0 0 0 0 
50 52 4796 8703 52 1409 5889 246 52 2083 5409 5838 0 0 0 
50 52 4796 4076 52 2088 8934 52 6506 4214 262 4195 5438 8202 0 
50 52 4796 7677 5438 52 1189 7190 8992 8065 5438 3898 1411 0 0 
50 52 4796 9087 52 9002 699 262 3779 5438 52 1411 0 0 0 
50 52 1499 5981 7252 5438 8354 5409 52 8034 0 0 0 0 0 
50 8233 4457 5981 3776 52 4710 5409 1495 262 8332 6850 0 0 0 
50 52 6187 5981 738 7007 428 52 8034 0 0 0 0 0 0 
50 52 5981 9087 5431 1495 8332 262 5446 0 0 0 0 0 0 
50 546 5981 9087 3849 2439 5438 7015 8451 428 8034 0 0 0 0 
50 52 2477 7252 5438 8202 4128 5409 52 9002 907 0 0 0 0 
50 52 2477 7249 5438 52 907 3158 4076 8909 0 0 0 0 0 
50 2477 51 4694 5515 8202 510 5409 52 51 907 0 0 0 0 
50 8202 2477 4195 6642 5438 8202 907 4076 8202 8909 0 0 0 0 
50 52 9002 907 4195 5515 5438 8202 8909 0 0 0 0 0 0 
50 52 4796 4195 4529 8202 5399 9087 3898 7955 0 0 0 0 0 
50 52 4796 4195 8858 5515 5409 8202 5399 9087 3898 7955 0 0 0 
50 52 4796 4195 8858 5438 52 679 9087 52 7955 0 0 0 0 
50 52 4796 8199 4195 7677 5246 8202 5399 9087 52 7955 0 0 0 
50 52 7960 9087 52 7955 8858 4076 3326 5409 8202 5399 8923 0 0 
50 8202 1228 4195 4745 5438 8202 6013 9087 8202 3254 0 0 0 0 
50 8202 4489 1228 4195 5438 8202 3178 6013 218 9087 52 3254 0 0 
50 52 6013 3916 52 3254 262 52 7343 5409 1228 0 0 0 0 
50 52 3331 4489 1228 5438 52 6013 9087 52 3254 0 0 0 0 
50 7343 5409 1228 5297 8305 52 3254 5438 52 6013 0 0 0 0 
50 52 1969 5409 910 8199 350 4076 7480 8909 0 0 0 0 0 
50 52 5613 5409 910 2465 428 52 5927 4195 7161 0 0 0 0 
50 8243 910 2465 4076 7751 8909 9087 1664 4076 8202 7307 0 0 0 
50 8243 910 350 2465 8319 5438 8202 1665 2230 0 0 0 0 0 
50 7480 1745 910 7252 5297 8305 52 2464 0 0 0 0 0 0 
50 52 3602 8269 7848 1372 7252 5438 8354 5409 52 5613 5409 828 0 
50 52 7848 1372 4492 4206 3798 5438 52 7126 0 0 0 0 0 
50 52 1372 4492 5438 8354 5409 52 5613 5409 7126 0 0 0 0 
50 52 1372 3443 6472 8305 6160 8992 4206 3798 262 5766 350 5438 0 
50 52 1372 4195 6030 9087 52 5613 5409 7126 0 0 0 0 0 
50 52 3457 2684 3229 3324 52 8770 4457 6686 0 0 0 0 0 
50 52 508 3457 3776 4206 5326 151 52 4457 6686 0 0 0 0 
50 52 3457 2587 3324 52 6309 5438 8354 5409 52 966 4076 4206 0 
50 52 3457 2850 52 6686 4076 4206 2758 0 0 0 0 0 0 
50 52 7377 3457 7749 4206 5326 5438 8354 5409 52 4457 6686 0 0 
50 52 660 9087 8574 7238 262 52 7157 7670 0 0 0 0 0 
50 52 660 1864 8574 7238 52 5026 262 52 7157 0 0 0 0 
50 52 4457 660 7157 3776 3181 1204 4200 0 0 0 0 0 0 
50 52 660 9087 52 7677 7157 9108 1214 8574 7238 262 8574 8736 0 
50 52 660 9087 52 8851 4076 7157 262 3898 262 3847 7238 0 0 
50 52 9196 9097 4195 7252 428 52 8034 4076 52 4566 262 4195 0 
50 8574 9099 9121 5438 8206 4456 428 52 4566 0 0 0 0 0 
50 8574 9099 309 8305 678 5438 1811 4076 52 4566 0 0 0 0 
50 8574 9099 7252 428 52 8034 9126 5438 4456 0 0 0 0 0 
50 8574 9099 7252 4076 52 4566 262 4694 428 8206 4456 0 0 0 
50 52 3963 3798 3731 5541 52 4192 3004 0 0 0 0 0 0 
50 52 1076 262 9002 3960 4195 7677 1204 52 3004 0 0 0 0 
50 52 51 5409 52 1076 3960 4694 428 9195 0 0 0 0 0 
50 52 4457 3963 7748 4206 3798 5541 52 4968 3004 0 0 0 0 
50 52 3960 4513 5541 52 4968 3004 6407 0 0 0 0 0 0 
50 5063 4347 351 9087 828 320 262 9106 1214 0 0 0 0 0 
50 52 7236 262 52 6528 4076 52 6713 0 0 0 0 0 0 
50 52 828 6528 3295 7252 4076 52 4347 0 0 0 0 0 0 
50 52 8770 5301 4347 9087 202 828 320 0 0 0 0 0 0 
50 52 4347 9087 52 6528 1214 7236 262 5509 4347 4204 0 0 0 
50 52 1524 3916 1545 2506 9087 959 3744 0 0 0 0 0 0 
50 52 9196 998 4195 7677 151 52 8862 2684 255 316 0 0 0 
50 4638 998 4076 7850 7117 3916 2506 4076 3744 0 0 0 0 0 
50 52 9196 998 3916 52 2524 9087 52 822 5515 5409 4200 0 0 
50 52 7377 998 4076 52 7848 7117 2684 7485 0 0 0 0 0 
50 1525 350 4076 8202 4642 6713 6030 52 8784 3384 0 0 0 0 
50 7028 1525 350 2483 2867 4076 52 4642 6713 0 0 0 0 0 
50 52 3653 5409 3002 4195 8924 8206 364 0 0 0 0 0 0 
50 52 1143 5409 9196 3462 202 3788 8206 364 8668 5438 52 9108 0 
50 7028 1525 262 5443 122 350 2483 2867 4076 52 4642 6713 0 0 
50 52 3690 4284 9087 52 8172 6387 4076 3898 3723 0 0 0 0 
50 52 4796 7677 5438 52 8172 1973 3916 52 6391 0 0 0 0 
50 52 3690 3916 52 6387 4076 52 3384 5409 8172 0 0 0 0 
50 52 8172 6025 4076 4988 165 84 5438 8202 1973 0 0 0 0 
50 52 4796 4076 828 7117 262 883 7142 6030 52 3384 5409 8172 0 
50 8202 6333 1629 8668 5438 8202 7465 401 4200 2924 8202 8157 0 0 
50 7377 9002 2477 7677 5438 52 5957 7121 5438 52 9002 1954 0 0 
50 52 2477 4195 7677 5438 52 9002 1954 0 0 0 0 0 0 
50 52 2477 7679 5438 52 1437 262 4696 428 52 1524 5438 8202 0 
50 52 7377 2477 7679 8676 5438 52 737 7465 0 0 0 0 0 
50 8574 5838 6030 8172 4076 52 5273 5677 0 0 0 0 0 0 
50 8574 5838 5438 8202 8172 1973 6030 8172 0 0 0 0 0 0 
50 8574 5838 428 52 6307 8172 1973 5443 7010 8202 563 0 0 0 
50 52 8172 6025 8059 52 8010 428 52 563 0 0 0 0 0 
50 8574 5838 6030 8172 5438 52 8172 1973 0 0 0 0 0 0 
50 52 4796 3916 52 634 651 8992 8992 8933 52 634 8628 0 0 
50 52 634 6025 8059 52 8010 428 52 563 0 0 0 0 0 
50 8202 634 666 7679 6472 8305 3902 52 5975 0 0 0 0 0 
50 52 634 6025 6469 3898 8010 8842 3240 8202 563 0 0 0 0 
50 52 634 6025 8842 428 8202 6013 3240 52 5975 0 0 0 0 
50 2700 5628 262 1193 350 7019 5438 52 8034 5476 1958 0 0 0 
50 52 8034 7019 9087 6016 5409 5628 1193 8027 262 2700 0 0 0 
50 52 1143 5409 4382 262 6013 5409 5628 6472 8305 678 7007 0 0 
50 1022 5409 5628 1193 52 8027 5977 262 6904 2700 0 0 0 0 
50 6013 5409 5628 9087 1193 8027 262 984 5409 1934 0 0 0 0 
50 52 1645 8668 5409 52 1524 5297 8305 52 1228 9087 566 0 0 
50 52 508 7252 4076 3326 5409 52 1228 8933 52 8262 0 0 0 
50 8202 9196 998 4195 2570 4076 52 8262 8199 4878 3898 1228 0 0 
50 52 1524 2684 52 817 1228 5246 7480 566 0 0 0 0 0 
50 52 508 2684 52 1228 9087 52 8262 366 3899 5257 9087 566 0 
50 7480 5838 350 5438 8202 4423 4351 7962 0 0 0 0 0 0 
50 52 4796 4353 5541 52 4457 914 5409 8909 0 0 0 0 0 
50 5838 350 7287 9087 4355 4076 8202 5399 0 0 0 0 0 0 
50 52 4796 4076 828 7117 9053 5438 52 914 5409 8909 0 0 0 
50 52 4796 5666 5438 52 4457 5399 9087 5509 5665 0 0 0 0 
50 52 8172 6025 4076 84 5438 8202 1973 0 0 0 0 0 0 
50 52 4789 4076 52 9002 7117 4195 6030 8172 0 0 0 0 0 
50 52 4796 8199 4195 6030 8172 5438 52 1973 0 0 0 0 0 
50 52 4789 8172 6025 3905 8202 563 5438 52 3585 1973 0 0 0 
50 52 4796 4076 5114 3907 52 8172 563 9087 52 8172 6387 5438 0 
50 52 4457 4684 8419 5438 52 7723 8406 0 0 0 0 0 0 
50 255 55 8419 9179 1981 4076 64 3221 0 0 0 0 0 0 
50 55 8419 1346 4076 3592 351 5297 8305 1120 0 0 0 0 0 
50 255 55 8419 7702 8199 4195 5548 9087 3585 0 0 0 0 0 
50 255 55 8419 7252 5438 5548 3592 8407 0 0 0 0 0 0 
50 52 5868 4571 3898 8254 8992 3916 52 5924 5409 3229 0 0 0 
50 8214 4195 52 5868 7252 262 4570 8206 3065 0 0 0 0 0 
50 52 4796 4195 2684 52 6699 262 4570 3898 8254 0 0 0 0 
50 52 4796 4570 3898 8254 9087 52 5786 1194 1018 7343 4076 3898 0 
50 4796 8933 3476 2684 52 7343 5409 3229 0 0 0 0 0 0 
50 8574 5680 4971 51 5454 5443 6079 0 0 0 0 0 0 0 
50 52 5680 4970 4076 3326 5409 52 1120 5940 4076 7421 0 0 0 
50 52 1969 5409 5680 4971 7252 4076 3326 5409 52 1120 0 0 0 
50 2518 5680 4970 9087 2883 8283 1162 4076 7421 0 0 0 0 0 
50 52 5680 4970 7748 5515 5409 2267 7421 0 0 0 0 0 0 
50 52 8732 5409 2507 262 5725 4076 52 990 0 0 0 0 0 
50 52 787 990 5409 8733 8580 5409 2525 0 0 0 0 0 0 
50 52 990 5409 1545 3044 7504 2021 2507 0 0 0 0 0 0 
50 52 990 3348 5409 2507 4076 2371 7058 262 3139 0 0 0 0 
50 8733 5725 350 2439 4076 52 8054 5515 990 0 0 0 0 0 
50 52 5126 5679 4076 52 5680 7513 5297 8305 284 5126 0 0 0 
50 255 5428 5126 5679 764 5509 5127 9087 52 1076 4525 6946 0 0 
50 5126 5679 4076 8202 5680 4710 5409 414 0 0 0 0 0 0 
50 52 1645 8668 8789 5409 52 5137 780 7252 4076 52 6386 0 0 
50 8202 510 8298 5409 255 5428 7884 5126 4195 6602 4076 52 4968 0 
50 52 828 262 7217 1088 4076 52 9002 8323 984 0 0 0 0 
50 52 6732 1088 4195 4076 8202 963 5409 52 8323 0 0 0 0 
50 52 3699 7249 4128 8202 984 5409 52 8323 0 0 0 0 0 
50 52 1645 8668 5409 52 1088 4128 5409 52 8323 984 0 0 0 
50 52 6732 3698 1174 4076 8202 984 5689 5409 52 8329 0 0 0 
50 787 749 2383 4633 1204 4591 8396 5541 8202 1589 5409 4681 428 0 
50 52 2518 2252 1172 9087 787 749 4076 8202 514 428 5305 0 0 
50 52 2521 1172 262 52 1643 4076 52 787 1589 0 0 0 0 
50 428 5305 8202 1172 262 1641 8395 350 4061 0 0 0 0 0 
50 52 4457 1641 8395 5558 52 1189 1589 7827 0 0 0 0 0 
50 52 4796 6642 52 8922 5438 8354 5409 52 9186 7955 0 0 0 
50 52 4796 6642 52 8922 510 8305 8202 7135 0 0 0 0 0 
50 52 4796 6642 8202 8923 5438 52 7955 0 0 0 0 0 0 
50 52 7952 901 6642 8202 2043 5409 52 8922 0 0 0 0 0 
50 52 7233 7960 4195 1378 52 7377 8923 0 0 0 0 0 0 
50 52 5182 3177 3392 369 4076 3326 5409 52 7706 0 0 0 0 
50 52 6004 4076 52 7627 1981 9087 3181 262 3221 0 0 0 0 
50 52 7706 7679 4076 52 1977 5246 52 1745 3177 713 0 0 0 
50 52 7377 3392 5246 52 1589 7627 8199 3776 52 7706 0 0 0 
50 52 3392 4195 4076 8202 1417 5409 52 7627 0 0 0 0 0 
50 52 7677 9097 9087 52 6562 1881 4076 3723 0 0 0 0 0 
50 52 9097 3916 52 6562 1881 4076 3847 6646 3723 0 0 0 0 
50 52 9097 7679 9087 52 9026 6562 4076 3847 3723 0 0 0 0 
50 52 9097 6030 52 8784 3384 4104 0 0 0 0 0 0 0 
50 52 9097 7677 4076 52 6713 3916 52 6562 1881 0 0 0 0 
50 52 3653 5409 5838 7677 366 7959 5297 8305 8202 5399 0 0 0 
50 7028 5838 7677 5297 8305 5476 4076 3326 5409 8206 7959 0 0 0 
50 52 4684 6741 5409 5838 202 3916 424 7952 904 0 0 0 0 
50 52 6741 5409 7961 350 8059 52 5919 9087 8206 7955 0 0 0 
50 7028 5838 7677 7181 1204 7181 3916 8206 7959 0 0 0 0 0 
50 5838 7677 5438 52 6673 5297 8305 52 8800 5126 0 0 0 0 
50 52 7377 3653 5409 5838 7677 366 52 7377 5120 790 0 0 0 
50 52 4796 7677 5297 8305 52 5126 5438 414 0 0 0 0 0 
50 52 5868 3916 8676 255 5429 5126 8199 4696 8305 678 51 0 0 
50 52 5868 7677 764 52 8633 5097 5438 52 7827 0 0 0 0 
50 52 8862 1981 4076 3558 5297 8305 52 7190 0 0 0 0 0 
50 2371 1743 5611 5438 8202 7181 5409 52 1120 0 0 0 0 0 
50 52 5919 5409 3558 5438 52 7900 8419 0 0 0 0 0 0 
50 1745 3558 4195 5438 8202 7181 5409 52 7900 1309 0 0 0 0 
50 8202 5679 1172 4195 1981 4076 1745 3558 0 0 0 0 0 0 
50 8574 9206 350 3605 5438 8202 3610 3585 0 0 0 0 0 0 
50 8574 9206 3603 5438 3585 4128 52 9216 3696 0 0 0 0 0 
50 8574 9206 3605 5438 7139 3585 4076 3326 5409 52 3884 0 0 0 
50 8574 9206 350 3605 8319 7181 1204 7181 0 0 0 0 0 0 
50 8574 9206 2684 3585 9087 2659 5509 1204 6689 0 0 0 0 0 
50 52 4796 3916 52 1250 8668 5541 3898 4535 7146 0 0 0 0 
50 52 4796 9087 52 843 3916 52 1250 0 0 0 0 0 0 
50 52 4796 4076 52 7910 7411 52 5026 6977 0 0 0 0 0 
50 52 4796 4076 52 7910 8059 52 5919 5409 3891 9087 52 4457 0 
50 52 4796 8933 52 7910 4195 8059 52 6976 6125 9087 52 1250 0 
50 52 4583 52 1641 52 8157 262 52 9097 0 0 0 0 0 
50 52 9097 8372 52 8354 3779 8247 8202 165 0 0 0 0 0 
50 52 9196 1524 4195 8250 52 8354 3779 0 0 0 0 0 0 
50 52 6713 9087 3364 401 52 9097 8247 52 3779 81 4200 0 0 
50 52 9097 4195 7677 4076 52 4642 6713 262 4195 8250 3847 3779 0 
50 52 9196 4796 6642 52 7263 4173 8202 165 0 0 0 0 0 
50 52 3653 5409 8148 4284 52 6429 5438 8206 7268 0 0 0 0 
50 52 8283 4452 4069 5409 52 3690 5438 52 7261 899 0 0 0 
50 3653 5409 999 5858 7263 8474 5438 6429 9087 3558 5438 4200 0 0 
50 7480 4789 7266 350 2483 7480 8475 262 3562 0 0 0 0 0 
50 255 4069 5409 3229 4204 4085 4911 262 8743 0 0 0 0 0 
50 52 4902 4195 738 2439 5438 52 2392 6013 0 0 0 0 0 
50 52 6013 1863 6120 1558 6631 1060 262 1342 0 0 0 0 0 
50 52 6013 3044 9087 4911 8748 262 6150 0 0 0 0 0 0 
50 6013 4758 8668 5409 4911 262 52 8732 5409 8743 0 0 0 0 
50 52 4796 9087 52 4925 4867 4195 2070 8202 7827 0 0 0 0 
50 5838 350 2070 52 2075 8992 8412 8844 0 0 0 0 0 0 
50 5838 2070 8202 7827 428 255 4167 5246 1121 0 0 0 0 0 
50 52 787 1589 9087 5838 262 1121 9087 8412 0 0 0 0 0 
50 5838 350 2070 8202 2065 8851 4076 52 1589 0 0 0 0 0 
50 52 4584 5570 1270 7249 5297 8305 52 1641 0 0 0 0 0 
50 9002 1641 7252 5297 8305 52 7706 5409 255 5570 0 0 0 0 
50 52 1645 8668 5409 52 1641 5246 255 5570 1270 3914 0 0 0 
50 255 293 4694 1641 764 255 5570 9087 52 1270 4076 4200 0 0 
50 255 5570 1270 262 52 1641 7252 4076 3326 5409 52 8862 0 0 
50 52 4705 265 6888 1172 5679 4076 52 5680 4710 0 0 0 0 
50 52 9186 6888 1172 5679 4076 52 5680 4710 0 0 0 0 0 
50 255 5428 9186 6888 1172 4195 5679 4076 52 4710 0 0 0 0 
50 52 9186 1172 9092 5712 7677 5438 8202 6670 0 0 0 0 0 
50 52 9186 1172 4195 7161 5679 4076 52 5680 4710 0 0 0 0 
50 52 5995 3147 5541 8909 9087 8574 51 5247 0 0 0 0 0 
50 255 175 3198 5541 52 914 5409 8909 8199 3776 51 4076 4200 0 
50 255 165 5995 3198 4076 8202 165 9087 8909 4076 8202 514 0 0 
50 52 9002 175 3198 4723 5541 255 4196 1981 4076 8460 0 0 0 
50 255 175 330 3240 4436 5541 8202 8909 0 0 0 0 0 0 
50 7028 3348 5982 350 4076 8202 9045 6472 8305 678 6335 0 0 0 
50 8202 8731 5409 5982 350 2439 4076 8202 7130 9045 5438 52 1589 0 
50 52 1143 5409 2371 5981 4076 52 9045 5409 52 5981 5984 0 0 
50 52 2438 5409 52 8732 5409 5982 4076 52 6599 9045 0 0 0 
50 52 5981 8199 5452 3776 8360 5438 3705 5409 4200 0 0 0 0 
50 52 7767 5677 9087 4712 5409 3610 6006 5438 4200 0 0 0 0 
50 52 5677 9087 52 750 7252 4076 8202 510 0 0 0 0 0 
50 52 750 7252 5438 8202 3650 5246 8460 262 3585 0 0 0 0 
50 750 5246 3252 428 2688 5409 1617 351 0 0 0 0 0 0 
50 52 750 5438 52 2410 5735 5246 8460 262 3611 0 0 0 0 
50 8574 5921 5443 4076 5084 262 8202 5509 9087 1743 5409 52 4796 0 
50 52 4796 7677 736 52 8559 6913 9087 52 8784 2693 5438 4200 0 
50 52 5891 5409 52 4796 8933 52 8262 9087 52 8559 5077 4076 0 
50 52 828 262 9002 5891 5409 52 4796 8933 52 7910 262 8262 0 
50 52 4796 7677 736 52 8559 7160 3890 4076 3790 7142 0 0 0 
50 52 3754 7199 3240 52 7199 4785 51 7785 0 0 0 0 0 
50 52 7785 7199 8199 6867 51 883 7207 0 0 0 0 0 0 
50 52 5274 1786 7199 3240 52 7199 4785 1180 0 0 0 0 0 
50 8202 7199 3754 5515 3326 6867 51 883 7207 0 0 0 0 0 
50 52 7199 3754 3324 52 1120 8199 6867 51 883 7207 5438 4200 0 
50 52 1372 4696 5411 8202 2688 5409 52 4758 8668 713 8199 3776 0 
50 8214 4195 52 828 1372 7252 5438 8202 2688 5409 8202 713 0 0 
50 52 713 3776 52 1076 1979 883 5947 262 52 3170 2263 5946 0 
50 52 828 1372 6947 5438 8202 2688 5409 52 5254 4758 713 0 0 
50 52 1372 7252 5438 52 5254 4758 713 0 0 0 0 0 0 
50 52 7776 7199 7249 428 52 1937 5409 52 7827 0 0 0 0 
50 52 7776 7199 4195 7161 9087 8202 7199 3240 51 3877 60 4200 0 
50 52 7776 7199 5438 52 8202 1937 5409 52 1964 6670 0 0 0 
50 52 7776 7199 428 52 6670 2762 428 52 6776 3877 0 0 0 
50 6506 7776 7199 3754 8668 5438 51 3877 0 0 0 0 0 0 
50 255 4105 4347 9087 52 7803 5438 8202 1958 0 0 0 0 0 
50 52 2412 1776 4347 9087 52 984 5438 8202 1958 0 0 0 0 
50 52 4347 9087 52 4684 9108 1958 262 52 4968 5626 5438 4200 0 
50 52 6599 4347 6303 2841 5266 8305 6186 3229 0 0 0 0 0 
50 255 2752 1776 4347 9087 987 5438 8202 1958 262 7651 5409 8452 0 
50 52 4457 3474 8735 9087 4528 5609 5438 4206 7189 0 0 0 0 
50 52 8735 9087 3610 4528 4195 7252 5438 2438 0 0 0 0 0 
50 52 4457 5609 3493 8735 7249 5438 52 8034 4076 52 7783 0 0 
50 293 3723 5609 8691 5438 2438 4076 7783 0 0 0 0 0 0 
50 52 4457 3474 4225 7252 5438 52 8034 0 0 0 0 0 0 
50 52 4796 3443 6472 8305 1154 8202 634 0 0 0 0 0 0 
50 52 5868 3443 6472 8305 1154 8202 563 4076 52 634 3384 0 0 
50 666 3442 4173 52 2077 3240 52 6137 563 1154 0 0 0 0 
50 52 666 3515 8305 3902 8202 563 4290 8251 8305 3890 3324 8202 0 
50 52 634 6025 4195 7737 8668 8305 651 0 0 0 0 0 0 
50 5613 5409 3459 7677 5297 8305 2659 5509 4076 3326 5409 52 9107 0 
50 52 1969 5409 3459 4342 2659 5509 0 0 0 0 0 0 0 
50 52 3457 8199 4195 5300 5438 284 3459 2664 0 0 0 0 0 
50 52 3457 4571 8202 2921 5409 284 3457 0 0 0 0 0 0 
50 8214 350 8574 3459 6646 5297 8305 2659 5509 0 0 0 0 0 
50 52 2477 7679 5297 8305 52 7263 4512 8668 151 52 8862 0 0 
50 52 2477 7677 5438 3763 9106 3167 262 5297 8305 52 8862 9087 0 
50 52 2477 7677 5297 8305 52 7263 5438 52 8862 0 0 0 0 
50 2477 262 7263 4076 52 6713 262 7041 5409 2477 262 5868 5438 0 
50 52 2477 4195 4694 428 7483 4076 8202 6713 0 0 0 0 0 
50 52 5346 5409 7877 8402 2481 7019 8319 0 0 0 0 0 0 
50 52 9002 7877 698 4195 4076 52 6713 0 0 0 0 0 0 
50 8233 698 4195 52 7467 3365 6232 1525 8875 8305 9040 52 8202 0 
50 8402 6094 2477 5438 535 3240 6030 9087 262 51 0 0 0 0 
50 7877 273 350 3754 5438 6080 4076 8202 165 0 0 0 0 0 
50 828 262 9002 5892 5409 8574 4946 7088 7083 262 5868 5438 780 0 
50 5428 828 262 9002 5891 5409 4946 7080 7083 0 0 0 0 0 
50 52 4796 5438 52 790 262 5509 4946 2483 7485 9087 52 3964 0 
50 52 3690 5438 52 790 5246 7480 3691 7080 7083 0 0 0 0 
50 52 8770 5428 5919 4057 3989 7083 7080 8894 2502 0 0 0 0 
50 52 4796 4076 52 828 7117 2684 52 6838 0 0 0 0 0 
50 52 4796 5533 2684 7480 7495 5409 3229 428 5305 0 0 0 0 
50 52 4796 2684 428 5305 5438 52 7190 0 0 0 0 0 0 
50 52 4796 9087 52 828 7117 3916 52 3229 4203 4076 3898 3744 0 
50 52 9196 4796 4195 2684 5438 52 7827 7181 8851 0 0 0 0 
50 52 8419 7970 1204 7421 262 8460 5246 52 1589 0 0 0 0 
50 52 6886 4690 2529 5438 52 8770 6210 8399 0 0 0 0 0 
50 52 8789 5409 8233 1589 9087 52 52 8419 262 1121 0 0 0 
50 52 4690 2529 4076 52 1589 9087 8460 262 7421 7971 4200 0 0 
50 52 9072 6883 5409 52 1589 9087 52 4583 7421 1979 0 0 0 
50 52 1810 5077 262 4317 5438 52 2332 0 0 0 0 0 0 
50 1372 7330 5438 52 2332 5297 8305 52 1809 5077 0 0 0 0 
50 52 9002 1372 4195 7332 5438 52 2332 5297 8305 52 1810 5077 0 
50 52 3187 9002 1372 5229 219 52 9079 4317 262 1810 5077 0 0 
50 52 9002 1372 5438 52 2332 5246 52 1810 5077 0 0 0 0 
50 52 3365 828 698 7677 4076 52 6690 8950 351 4076 8202 9028 0 
50 52 828 698 8199 4195 7677 5297 8305 8909 0 0 0 0 0 
50 52 1645 8668 5409 52 698 5438 52 3884 5246 52 914 5409 0 
50 52 828 698 7679 4076 8202 9028 246 2237 3585 0 0 0 0 
50 8214 4195 52 828 698 1628 8202 7181 5409 52 5143 0 0 0 
50 4986 5539 5438 52 9002 4783 7101 8636 0 0 0 0 0 0 
50 52 4986 5438 52 8034 4076 8202 1937 5409 8202 6713 0 0 0 
50 52 4986 5539 4076 52 9002 1212 9087 52 2157 7181 0 0 0 
50 52 6734 4968 7093 9087 52 4986 5438 5443 5409 8202 7100 0 0 
50 52 4986 262 7093 4076 52 7377 6713 0 0 0 0 0 0 
50 52 7114 7249 4076 52 2464 5297 8305 4651 2808 262 7115 1862 0 
50 52 4457 7114 4195 6318 8668 8305 52 1861 2464 0 0 0 0 
50 52 611 7252 4076 8202 8909 5246 8202 2464 0 0 0 0 0 
50 52 4457 1322 907 5679 5438 8202 2464 218 7181 8202 5399 0 0 
50 52 4457 7114 2465 4076 52 4457 914 5409 8909 0 0 0 0 
50 52 6886 8789 5409 52 7421 1981 5143 262 1664 0 0 0 0 
50 7421 8199 4195 5438 52 3884 5557 5145 0 0 0 0 0 0 
50 7921 5809 8247 8202 1665 5438 8354 5409 52 7441 5143 0 0 0 
50 52 3022 1981 4076 7421 5438 8354 5409 52 3886 0 0 0 0 
50 52 7199 7679 5438 52 7441 4332 8608 52 1665 7307 0 0 0 
50 52 9002 6013 8357 9087 2371 8580 5409 3229 0 0 0 0 0 
50 52 5924 5409 721 5438 52 9002 6013 9087 1060 262 7570 0 0 
50 8202 6013 3776 4712 5409 6631 4911 262 1060 5438 4200 0 0 0 
50 8233 4902 2984 4911 697 262 8743 8319 0 0 0 0 0 0 
50 52 4457 9002 6013 5409 3229 5438 52 8034 0 0 0 0 0 
50 52 3457 7677 5297 8305 52 5623 8456 5438 52 3022 0 0 0 
50 8574 3459 262 52 9205 6674 4076 52 6197 351 0 0 0 0 
50 5443 4457 3457 4076 8202 3247 9087 284 262 52 9205 4076 8202 0 
50 52 3457 5438 2410 3650 5297 8305 52 8456 0 0 0 0 0 
50 8202 3457 4195 7677 5297 8305 52 8067 8456 0 0 0 0 0 
50 52 9097 9087 52 6089 2515 8592 7677 4076 52 2083 5409 5838 0 
50 2083 5409 5838 8858 366 3916 8668 8593 0 0 0 0 0 0 
50 8214 4195 52 9097 3916 52 5957 6089 2515 8592 0 0 0 0 
50 52 9097 4076 828 1315 3916 52 6089 2515 8592 0 0 0 0 
50 52 9196 9097 4195 7677 8608 255 8592 0 0 0 0 0 0 
50 52 4796 8199 4195 7252 9087 52 9097 428 52 8034 0 0 0 
50 52 4796 3916 52 9097 5438 52 907 4076 3326 5409 52 2392 0 
50 52 4796 262 52 9097 7252 428 52 8034 5246 8202 8909 428 0 
50 52 4796 3916 3898 357 366 52 9097 262 7252 8319 428 52 0 
50 52 4796 262 9097 2738 8992 5438 52 2392 2094 0 0 0 0 
50 8214 4195 52 5301 4347 9087 9106 1213 0 0 0 0 0 0 
50 4457 4347 9087 4712 5409 1214 262 9002 320 0 0 0 0 0 
50 255 2718 202 9106 4347 9087 1214 262 6758 0 0 0 0 0 
50 8202 4347 3776 9108 2134 6040 5409 1958 7513 262 52 7236 103 0 
50 52 1610 4347 3776 1076 1214 262 9002 320 0 0 0 0 0 
50 7199 2404 2592 8305 5767 3240 5680 4076 6302 990 0 0 0 0 
50 52 1652 4069 5409 52 1778 5680 4970 0 0 0 0 0 0 
50 1652 5409 52 7199 5438 52 1717 5466 5680 4970 0 0 0 0 
50 1645 8668 5409 8202 9160 8199 4195 5438 52 5680 4970 0 0 0 
50 52 4970 9087 52 7199 5438 4200 7701 8199 8202 4970 6556 401 0 
50 149 428 52 2464 9087 6933 3198 5552 0 0 0 0 0 0 
50 7480 815 350 3198 5541 52 679 5927 0 0 0 0 0 0 
50 52 3653 5409 6933 350 3198 5541 52 9108 2464 8199 4195 7252 0 
50 815 3160 5541 52 2464 60 52 914 5409 8909 0 0 0 0 
50 52 5891 5409 8202 5927 9087 815 3198 60 0 0 0 0 0 
50 6506 262 9002 8419 428 52 8419 7702 9087 1120 736 4200 0 0 
50 8237 8580 5409 8424 3505 8770 2964 5438 8202 8407 0 0 0 0 
50 52 3436 5711 8419 8199 4195 7779 428 52 6017 0 0 0 0 
50 52 6506 262 9002 8419 8447 2529 8202 8407 0 0 0 0 0 
50 52 8419 3517 2529 8202 8419 8407 5246 52 8419 7702 0 0 0 
50 8574 1989 4492 5438 52 1589 7827 0 0 0 0 0 0 0 
50 7480 1989 4574 4076 8202 4990 5409 52 7827 0 0 0 0 0 
50 52 1969 5409 1989 350 4492 4076 8202 7827 0 0 0 0 0 
50 52 3653 5409 1989 4487 7332 4076 8202 4990 5409 52 6670 0 0 
50 52 1969 5409 1989 4492 4076 8202 4990 5409 8202 7827 0 0 0 
50 52 7280 449 8305 7371 2529 5438 8202 7367 1204 6069 8202 7304 0 
50 52 9097 7287 217 4076 8202 7421 5297 8305 52 6670 0 0 0 
50 52 51 7287 2529 52 7421 7365 4076 8202 5145 0 0 0 0 
50 52 9097 554 5541 8202 7421 4076 7304 0 0 0 0 0 0 
50 52 3460 7287 218 7181 5409 52 6670 0 0 0 0 0 0 
50 4796 5438 2410 790 9087 52 6509 9097 4076 3898 4449 0 0 0 
50 52 6637 7249 5438 52 2410 790 9087 52 9097 4076 3898 4449 0 
50 52 4796 6642 52 5126 9087 52 706 9097 5438 3898 4449 0 0 
50 52 5128 262 52 9097 6131 5438 52 790 3240 52 5891 0 0 
50 52 3690 262 52 3460 3999 5438 52 2410 790 0 0 0 0 
50 5838 6030 8172 5438 8202 1973 5438 52 7935 2230 0 0 0 0 
50 9015 7143 5368 3653 6030 8172 5438 52 1973 0 0 0 0 0 
50 52 3653 5409 5838 6030 2522 8172 5520 0 0 0 0 0 0 
50 8574 8172 1976 959 3788 2522 3385 6030 5438 8207 0 0 0 0 
50 52 3653 5409 5838 5438 52 8172 1973 6030 8172 0 0 0 0 
50 52 4796 7677 5297 8305 52 4457 6506 1172 0 0 0 0 0 
50 8574 5838 7677 5533 5409 52 6560 6888 1172 0 0 0 0 0 
50 52 4796 7679 5297 8305 52 6506 1172 5438 8202 7827 0 0 0 
50 52 4796 262 8574 9099 2422 3324 8574 1745 1185 0 0 0 0 
50 4796 7677 5533 52 6506 262 828 6888 1172 0 0 0 0 0 
50 52 7217 262 6506 3072 4030 7252 5297 8305 52 7827 0 0 0 
50 52 7217 3072 4030 7249 5438 52 3592 351 5246 52 7827 0 0 
50 52 7217 262 6506 3072 4030 262 52 9002 3978 0 0 0 0 
50 52 4030 764 8202 6670 262 8956 4665 0 0 0 0 0 0 
50 52 3072 7217 262 6506 3072 4030 4195 4076 8202 3585 5246 52 0 
50 52 3969 2477 7010 9087 3309 262 2398 5438 8202 7181 0 0 0 
50 52 787 6856 9087 5447 1193 262 8743 5438 8202 7181 0 0 0 
50 52 3969 2477 5476 6856 4076 52 1142 9087 984 1863 1820 262 0 
50 52 3969 2477 3298 3309 262 52 7611 0 0 0 0 0 0 
50 52 3969 2477 5438 52 1142 9087 8359 52 2025 6850 4076 52 0 
50 8243 9099 4076 2573 9087 8574 8065 5438 8202 5889 0 0 0 0 
50 52 3653 5409 706 9196 9099 7677 366 8319 0 0 0 0 0 
50 8243 9099 4076 6338 2573 5438 8206 1412 428 8202 6823 8283 0 0 
50 8574 3462 4076 2573 8063 5438 5054 5890 5246 52 9097 6947 4076 0 
50 8243 9099 350 2570 8668 262 5438 1409 5890 0 0 0 0 0 
50 52 4796 6642 7304 2529 8202 7181 5409 52 7421 7365 0 0 0 
50 52 5434 430 7421 7287 8247 8202 1972 4076 8202 51 0 0 0 
50 52 4796 9006 4195 5438 7421 7304 4076 8202 7421 0 0 0 0 
50 8214 4195 52 4796 4195 7287 4076 8202 7421 0 0 0 0 0 
50 52 4796 5438 7282 7677 5438 7480 7421 0 0 0 0 0 0 
50 8574 7238 8199 350 4076 52 4347 5246 52 9045 0 0 0 0 
50 52 9002 7236 7252 755 52 9045 4076 52 4347 0 0 0 0 
50 52 4347 9087 2214 3610 1214 262 5870 4204 5438 8202 9048 0 0 
50 52 4347 9087 52 7236 262 1214 4128 5409 4200 0 0 0 0 
50 52 4347 4163 9087 5431 3610 9108 1214 0 0 0 0 0 0 
50 52 828 2477 7252 4076 52 510 6946 9087 52 4521 0 0 0 
50 52 828 6333 7252 8202 510 5409 52 1309 0 0 0 0 0 
50 52 2477 9087 52 4521 7252 5438 8202 6946 5409 52 1309 0 0 
50 828 2477 7252 4076 52 1309 4694 428 8202 1250 0 0 0 0 
50 8202 7377 828 2477 7249 4076 8202 510 6946 5409 52 1309 0 0 
50 255 175 7252 4076 8202 4990 5409 52 1589 0 0 0 0 0 
50 255 175 5438 52 1039 5541 52 3877 0 0 0 0 0 0 
50 52 4457 4239 8059 5411 3324 255 177 6774 0 0 0 0 0 
50 8770 4457 51 4238 8112 5438 8202 6774 428 177 4076 8686 2804 0 
50 52 51 175 8112 2529 52 6774 4076 52 1589 0 0 0 0 
50 52 4457 960 9087 52 2571 7252 4128 5409 4200 0 0 0 0 
50 52 4457 3474 960 9087 52 2014 5438 8202 4128 0 0 0 0 
50 52 4457 382 5924 4195 52 3474 960 9087 52 990 4128 0 0 
50 52 4457 51 3474 960 9087 52 7911 4128 0 0 0 0 0 
50 8202 4457 6928 3776 52 7911 4076 52 3474 960 0 0 0 0 
50 52 4796 6069 428 7480 3229 5438 52 8469 0 0 0 0 0 
50 52 4796 4195 6069 8305 7480 574 262 5509 3338 0 0 0 0 
50 52 4796 6069 428 807 5409 3338 5438 52 7827 1937 0 0 0 
50 8574 4946 7677 5297 8305 52 2014 5409 3338 262 8743 0 0 0 
50 52 4796 7252 1204 6246 8992 284 4796 6070 8305 4200 0 0 0 
50 52 634 3384 4195 3517 5438 3240 8202 2083 0 0 0 0 0 
50 52 634 6025 3916 52 651 5541 8202 8354 5409 52 632 0 0 
50 8202 7679 350 5587 401 52 634 6025 4076 52 3602 8628 3917 0 
50 52 4796 8199 3776 52 634 651 7677 4076 8202 2410 0 0 0 
50 52 4796 8011 52 651 428 52 634 5438 52 3022 0 0 0 
50 52 1033 1120 9087 52 1641 5438 4200 262 5737 0 0 0 0 
50 52 1570 9087 52 1416 8770 1645 8305 8202 1120 0 0 0 0 
50 52 4457 1570 9087 52 8067 1033 1641 8395 4076 4206 1417 0 0 
50 52 8770 5428 54 1570 9087 52 3598 9179 0 0 0 0 0 
50 255 5428 9002 262 6781 1743 1120 9087 52 1641 4661 4076 8202 0 
50 750 5438 7135 5409 6665 9087 52 4196 4076 1417 0 0 0 0 
50 255 2752 9108 750 7252 1204 8202 8909 0 0 0 0 0 0 
50 52 9108 750 5438 8202 2688 5409 52 3585 584 5297 8305 52 0 
50 52 750 7249 5438 8202 584 5409 52 6665 8990 4195 4608 9087 0 
50 52 9108 750 7252 218 7181 5409 52 6665 0 0 0 0 0 
50 5838 9087 7421 904 7252 4076 8202 7421 0 0 0 0 0 0 
50 52 3653 5409 5838 7252 4076 8202 7421 8992 439 8305 7427 0 0 
50 3100 7425 9087 904 439 350 7252 4076 8202 7421 0 0 0 0 
50 52 3653 5409 7421 902 7252 2529 4076 8202 7421 0 0 0 0 
50 1143 5409 5838 7252 4076 8202 7421 9087 7427 0 0 0 0 0 
50 52 4347 9087 3763 9106 3167 8608 52 9045 0 0 0 0 0 
50 52 3925 4347 9087 3764 298 5438 8202 1958 0 0 0 0 0 
50 52 605 4347 4195 9002 262 3776 4583 9106 0 0 0 0 0 
50 52 8770 5302 2258 262 4182 5369 4347 0 0 0 0 0 0 
50 52 4347 4195 7161 9087 320 262 1959 0 0 0 0 0 0 
50 52 8721 2595 2529 52 7827 5297 8305 52 5679 8505 0 0 0 
50 52 1172 9087 4732 5438 8202 8354 5409 1172 5438 8202 6670 0 0 
50 52 1172 8448 5438 8202 6670 9087 4732 7810 8305 8202 8354 5409 0 
50 52 3690 8199 4195 2595 52 1172 5438 52 6670 0 0 0 0 
50 52 7827 3044 9087 1185 52 8505 262 52 1309 0 0 0 0 
50 52 9196 4796 2767 4076 124 7267 8475 0 0 0 0 0 0 
50 52 4329 2483 52 8474 5438 52 7261 899 0 0 0 0 0 
50 52 7265 8515 8305 2463 52 8406 5438 52 6429 0 0 0 0 
50 4796 2483 7263 8474 5438 52 6405 4076 52 5677 0 0 0 0 
50 52 9196 4796 5859 52 7263 8474 5438 52 6405 4076 52 7261 0 
50 52 7424 2941 2529 1204 7480 7301 8460 0 0 0 0 0 0 
50 52 5868 9006 8894 7426 9074 5515 4076 8202 7421 0 0 0 0 
50 52 5868 3789 255 74 8992 6642 5438 52 7423 0 0 0 0 
50 52 7280 8059 52 530 2939 9087 5443 4538 8668 4076 8202 165 0 
50 52 5868 6642 52 7421 899 2941 5454 8206 7181 0 0 0 0 
50 52 1432 660 9087 52 5538 8518 3044 9087 8909 0 0 0 0 
50 8202 7236 5409 52 4457 5063 660 4195 3348 5409 8909 0 0 0 
50 52 660 9087 52 8518 52 8323 262 52 7675 8668 7157 0 0 
50 8233 4195 52 660 9087 52 4217 7157 7236 262 8323 0 0 0 
50 52 1810 6570 5409 52 660 7163 7767 8868 262 52 4457 8518 0 
50 52 5868 7304 2529 52 3884 428 5305 0 0 0 0 0 0 
50 52 9196 5868 7287 2529 52 7441 3884 0 0 0 0 0 0 
50 52 4638 8373 5438 7421 7282 4076 8202 2214 0 0 0 0 0 
50 52 893 5308 7143 5409 7483 7287 0 0 0 0 0 0 0 
50 52 9196 1524 4195 7287 2529 52 7441 7365 0 0 0 0 0 
50 52 2083 5409 5838 7677 366 52 1172 5297 8305 52 5679 4239 0 
50 52 3653 5409 5838 7677 5297 8305 52 1172 8608 255 175 0 0 
50 5838 3443 5438 8305 52 1172 3324 255 175 5438 8202 8090 0 0 
50 255 8675 7143 5409 7028 5838 7677 5246 52 5995 0 0 0 0 
50 52 1172 4652 262 51 5712 5297 8305 52 5995 0 0 0 0 
50 52 998 3907 52 634 9087 52 651 4076 52 3022 0 0 0 
50 52 998 4076 6506 7117 8010 52 634 651 0 0 0 0 0 
50 52 9196 998 3776 3902 52 634 3240 3898 8125 0 0 0 0 
50 52 4638 998 8011 52 651 428 52 634 0 0 0 0 0 
50 52 7377 4329 4076 52 6506 7117 8011 52 634 651 0 0 0 
50 8214 4195 5313 4069 3855 8305 6301 52 2323 3240 0 0 0 0 
50 52 4789 8172 6025 4195 4076 8202 4990 5409 3898 3384 0 0 0 
50 52 8172 6025 6773 8305 3902 8202 563 0 0 0 0 0 0 
50 52 5868 4195 6030 8172 4076 52 7652 0 0 0 0 0 0 
50 52 8172 6025 6772 9087 8172 6387 4076 3898 3723 0 0 0 0 
50 8214 4195 52 7827 4608 9087 5587 1121 0 0 0 0 0 0 
50 8214 4195 52 1309 2595 2529 52 7827 9087 1121 5438 2659 7181 0 
50 52 7827 7199 262 52 1309 5438 8202 6670 0 0 0 0 0 
50 8233 4195 52 8789 5409 52 6358 1589 7827 0 0 0 0 0 
50 52 1589 7827 9087 52 7199 8199 6471 5773 8929 3972 0 0 0 
50 52 4796 4076 52 828 4214 8858 5438 8968 5759 4696 2529 428 0 
50 52 4796 1486 3898 1409 5889 401 3797 8859 8305 3898 1309 4076 0 
50 52 4796 8858 8247 52 5680 4710 8992 4694 2529 428 3898 1411 0 
50 52 4796 8933 52 1293 1483 3898 1409 5889 4961 0 0 0 0 
50 52 4796 8859 8247 52 5680 4710 5246 52 6506 8505 8992 4694 0 
50 52 9097 4076 52 8466 1693 6030 9087 3847 4351 0 0 0 0 
50 52 4796 4195 3198 52 4351 5246 7480 7738 0 0 0 0 0 
50 52 4796 4195 7677 5246 52 1143 5409 1048 1744 3181 0 0 0 
50 52 5868 7677 9087 5184 4355 8263 8319 0 0 0 0 0 0 
50 52 4796 3198 52 4351 5438 8354 5409 52 1414 5677 0 0 0 
50 52 1143 5409 2371 176 5438 52 6774 0 0 0 0 0 0 
50 5000 176 262 4231 4076 255 175 3022 0 0 0 0 0 0 
50 8770 5428 5892 5409 176 5438 52 3022 0 0 0 0 0 0 
50 52 51 5892 5409 52 1056 8164 169 0 0 0 0 0 0 
50 52 828 262 9002 5891 5409 52 7429 169 9087 7028 7377 176 0 
50 52 4796 4513 5541 401 7077 4133 52 9098 7126 0 0 0 0 
50 8233 4195 8574 4946 7677 5438 7480 7664 0 0 0 0 0 0 
50 4796 7677 4076 3326 5409 52 9097 5297 8305 52 7911 0 0 0 
50 52 5868 7677 262 52 5868 4694 2529 0 0 0 0 0 0 
50 52 4796 4368 2529 4694 428 52 4416 7126 0 0 0 0 0 
50 52 9097 6642 52 780 1204 8574 1121 0 0 0 0 0 0 
50 52 9097 6642 52 790 2529 52 7190 0 0 0 0 0 0 
50 52 9196 9097 4195 6642 3847 780 4076 8202 7827 0 0 0 0 
50 52 9097 6642 52 790 9087 52 2477 4076 52 645 0 0 0 
50 52 5868 5438 52 790 6640 4076 3326 5409 7480 1121 0 0 0 
50 52 1645 8668 5409 52 1372 4492 5438 3585 5246 52 7124 0 0 
50 52 1372 4195 4076 8202 3585 1514 5438 52 51 0 0 0 0 
50 255 4069 5409 52 1372 8199 4195 6030 9087 52 7124 0 0 0 
50 52 1372 6030 9087 52 7124 4076 52 3592 3022 0 0 0 0 
50 8202 1372 4195 4492 4076 8202 3585 5297 8305 52 7124 0 0 0 
50 52 1411 262 52 8037 4492 5438 52 8034 0 0 0 0 0 
50 8243 1413 5890 7245 5438 52 1076 8034 0 0 0 0 0 0 
50 52 1409 5889 262 52 4455 5438 52 8034 0 0 0 0 0 
50 52 9108 8034 3776 52 1409 5889 262 4455 5438 4200 0 0 0 
50 52 8789 5409 52 8378 6913 1411 5297 8305 52 4455 0 0 0 
50 52 3445 2721 7706 8858 2529 52 7827 0 0 0 0 0 0 
50 52 4457 2937 2721 4076 8202 4990 5409 52 6713 0 0 0 0 
50 3997 2721 7706 9087 8733 1745 2262 4076 1589 0 0 0 0 0 
50 52 4457 7706 5409 255 2708 2258 2721 0 0 0 0 0 0 
50 3035 1851 8305 4690 4592 255 2721 2640 52 5656 0 0 0 0 
50 52 1076 262 9002 1523 7679 5541 52 7877 3457 8402 262 52 0 
50 52 1523 2477 4195 7677 5297 8305 52 8402 3457 262 4694 8668 0 
50 8202 7377 2477 4195 4694 8668 428 8202 1250 0 0 0 0 0 
50 8214 4195 52 9002 262 737 2477 7252 5438 8202 3164 0 0 0 
50 8202 1523 4195 4694 8668 428 8202 9108 7861 6452 8196 428 8202 0 
50 3618 262 9002 1372 7252 5438 52 8034 4076 52 980 8262 0 0 
50 52 9087 52 6338 1727 4195 7252 5438 52 8081 7688 0 0 0 
50 52 1372 9087 52 6338 980 8262 7252 5438 52 8034 0 0 0 
50 52 3602 262 9002 1372 7252 5438 8354 5409 52 1958 0 0 0 
50 52 1372 8933 52 6338 980 8262 1727 0 0 0 0 0 0 
50 52 6013 5409 9204 3229 5409 7480 4336 0 0 0 0 0 0 
50 3229 5438 52 9002 6013 9087 8743 262 52 3398 0 0 0 0 
50 52 1906 7754 3341 2425 368 5438 52 6013 0 0 0 0 0 
50 52 5919 5409 52 984 5409 3229 8199 4195 5107 8743 0 0 0 
50 52 1645 8668 5919 5409 52 4902 5438 52 9002 6013 0 0 0 
50 52 5868 2483 51 4076 52 3022 428 5305 0 0 0 0 0 
50 52 4796 7677 5438 52 4742 3610 3022 3916 52 3312 0 0 0 
50 52 4796 8250 52 3312 4076 52 2214 3022 0 0 0 0 0 
50 52 4796 6447 510 9087 52 3312 4076 3898 3723 8992 5438 52 0 
50 52 4796 7677 5533 5438 8202 3585 428 5305 4785 914 5116 0 0 
50 52 7236 4195 7161 9087 52 5026 262 4591 0 0 0 0 0 
50 52 660 8862 8199 3776 722 5649 9087 5296 0 0 0 0 0 
50 52 5891 5409 52 3868 2761 9002 660 0 0 0 0 0 0 
50 52 8862 4128 5409 52 9002 6713 1981 4076 4712 5409 5295 387 0 
50 52 5295 8866 4076 52 8770 5063 660 0 0 0 0 0 0 
50 52 2477 4195 4284 9087 52 3312 4076 4206 5154 0 0 0 0 
50 52 828 2477 1344 52 3312 4076 4206 5154 0 0 0 0 0 
50 52 2477 4285 4173 8202 165 8305 1374 52 3312 0 0 0 0 
50 52 2477 4195 1378 52 3314 4076 8202 165 8199 8894 8251 8305 0 
50 52 2477 4284 4076 8202 165 9087 52 3312 4076 4206 5154 0 0 
50 52 706 6506 262 3610 811 7677 5438 52 984 5409 3229 0 0 
50 52 706 6506 811 4195 7252 5438 52 1861 5409 3229 0 0 0 
50 52 1745 811 2684 5926 5409 3229 5515 5409 52 984 0 0 0 
50 8202 811 4195 2684 3338 5515 5409 8202 2425 0 0 0 0 0 
50 52 1745 811 2685 1568 5409 316 3324 52 984 5438 8202 3650 0 
50 52 706 866 3460 3916 52 5312 9026 1883 5297 8305 52 4796 0 
50 52 1969 2779 6030 9026 5438 52 1810 6913 0 0 0 0 0 
50 8574 5838 350 6030 52 1810 8784 3384 0 0 0 0 0 0 
50 8574 5838 350 6030 52 8784 3384 8319 0 0 0 0 0 0 
50 8574 5838 6023 52 3384 9087 52 3384 1849 262 52 5077 0 0 
50 52 8559 7252 5297 8305 52 6665 9087 52 1187 6913 0 0 0 
50 52 8157 7252 4076 8202 4990 5409 52 6665 0 0 0 0 0 
50 8214 4195 255 5428 8559 4076 8202 4990 5409 52 7985 0 0 0 
50 255 5428 8559 5077 7249 4076 8202 4990 5409 52 7821 0 0 0 
50 52 8559 4076 8202 4990 5409 52 2964 3183 6665 0 0 0 0 
50 52 3850 5409 2722 8858 81 52 2607 3585 3022 0 0 0 0 
50 52 3850 5409 2722 262 8206 1245 8858 7233 3039 0 0 0 0 
50 52 3850 5409 2722 2065 255 2876 6859 0 0 0 0 0 0 
50 2721 3850 4076 52 4607 8858 81 6859 0 0 0 0 0 0 
50 52 3817 5409 2722 350 8858 8247 8202 3022 4076 52 4607 0 0 
50 8574 6385 5127 262 6639 6385 428 52 8406 0 0 0 0 0 
50 52 1969 5409 4946 6385 5127 5297 8305 2659 5509 0 0 0 0 
50 8574 5127 9087 7747 5438 8207 6385 2529 52 8406 0 0 0 0 
50 8574 5838 8199 350 6385 5438 7480 2964 5127 0 0 0 0 0 
50 8574 5838 5438 5127 350 4076 52 6380 0 0 0 0 0 0 
50 5428 5892 2310 3653 5409 123 5520 262 7480 4732 0 0 0 0 
50 52 3653 5409 5838 7677 5297 8305 2659 5509 5297 8305 52 3252 0 
50 52 8800 4069 5409 52 1143 5409 3222 9087 7480 4732 0 0 0 
50 5428 828 262 9002 5919 5409 5838 2570 4076 7916 0 0 0 0 
50 7028 5838 4076 828 262 9002 7677 8319 0 0 0 0 0 0 
50 4796 4076 883 262 3618 4214 5438 7304 4076 3326 5409 52 5143 0 
50 52 4796 5438 7288 7677 4076 3326 5409 8460 262 52 5143 0 0 
50 52 5868 5438 7304 8933 52 883 262 3618 1693 0 0 0 0 
50 52 4796 8858 218 4076 8202 7421 5438 7304 0 0 0 0 0 
50 52 7391 4796 7679 5438 52 7441 3884 9087 7480 7278 6080 0 0 
50 1346 5679 5438 8202 7181 5409 8202 6670 764 52 3072 4030 0 0 
50 52 7380 1309 4195 5679 5297 8305 52 3072 4030 0 0 0 0 
50 52 7377 1309 4195 5679 5297 8305 52 3072 4030 4076 52 1589 0 
50 255 4059 5679 1309 8201 4076 3326 5409 52 3072 4030 0 0 0 
50 52 7377 883 1309 5679 5297 8305 52 9002 3072 4030 0 0 0 
50 52 9002 6013 3044 9087 7344 8668 3338 262 52 5957 7590 0 0 
50 424 3339 738 8370 3240 6810 5044 4076 6183 351 0 0 0 0 
50 52 3338 6810 9087 1290 4361 262 574 0 0 0 0 0 0 
50 8202 4902 4115 350 368 5438 8202 7015 6021 0 0 0 0 0 
50 52 6506 7590 4076 52 5045 3338 6810 0 0 0 0 0 0 
50 52 2132 5409 1716 5438 52 6013 9087 52 7590 0 0 0 0 
50 52 1299 2132 5297 8305 6016 5409 2326 0 0 0 0 0 0 
50 2132 5409 1716 9087 2337 4204 5438 52 9108 51 8034 0 0 0 
50 52 2132 5409 4625 9087 52 2949 2327 5438 8354 5409 4200 0 0 
50 5726 8909 262 52 2132 5409 1716 9087 7590 0 0 0 0 0 
